isic_rev3_4dig;isic_rev3_secdig;isic_rev3_1dig;isic_rev3_2dig;isic_rev3_3dig;isic_rev4_4dig;isic_rev4_secdig;isic_rev4_1dig;isic_rev4_2dig;isic_rev4_3dig
111;"A";0;1;11;111;"A";0;1;11
111;"A";0;1;11;112;"A";0;1;11
111;"A";0;1;11;113;"A";0;1;11
112;"A";0;1;11;113;"A";0;1;11
111;"A";0;1;11;114;"A";0;1;11
111;"A";0;1;11;115;"A";0;1;11
111;"A";0;1;11;116;"A";0;1;11
111;"A";0;1;11;119;"A";0;1;11
112;"A";0;1;11;119;"A";0;1;11
112;"A";0;1;11;121;"A";0;1;12
113;"A";0;1;11;121;"A";0;1;12
200;"A";0;2;20;121;"A";0;1;12
112;"A";0;1;11;122;"A";0;1;12
113;"A";0;1;11;122;"A";0;1;12
200;"A";0;2;20;122;"A";0;1;12
112;"A";0;1;11;123;"A";0;1;12
113;"A";0;1;11;123;"A";0;1;12
200;"A";0;2;20;123;"A";0;1;12
112;"A";0;1;11;124;"A";0;1;12
113;"A";0;1;11;124;"A";0;1;12
200;"A";0;2;20;124;"A";0;1;12
112;"A";0;1;11;125;"A";0;1;12
113;"A";0;1;11;125;"A";0;1;12
200;"A";0;2;20;125;"A";0;1;12
111;"A";0;1;11;126;"A";0;1;12
112;"A";0;1;11;126;"A";0;1;12
113;"A";0;1;11;126;"A";0;1;12
200;"A";0;2;20;126;"A";0;1;12
112;"A";0;1;11;127;"A";0;1;12
113;"A";0;1;11;127;"A";0;1;12
200;"A";0;2;20;127;"A";0;1;12
111;"A";0;1;11;128;"A";0;1;12
112;"A";0;1;11;128;"A";0;1;12
113;"A";0;1;11;128;"A";0;1;12
200;"A";0;2;20;128;"A";0;1;12
111;"A";0;1;11;129;"A";0;1;12
112;"A";0;1;11;129;"A";0;1;12
200;"A";0;2;20;129;"A";0;1;12
112;"A";0;1;11;130;"A";0;1;13
200;"A";0;2;20;130;"A";0;1;13
121;"A";0;1;12;141;"A";0;1;14
121;"A";0;1;12;142;"A";0;1;14
122;"A";0;1;12;143;"A";0;1;14
121;"A";0;1;12;144;"A";0;1;14
122;"A";0;1;12;145;"A";0;1;14
122;"A";0;1;12;146;"A";0;1;14
122;"A";0;1;12;149;"A";0;1;14
130;"A";0;1;13;150;"A";0;1;15
140;"A";0;1;14;161;"A";0;1;16
140;"A";0;1;14;162;"A";0;1;16
2892;"D";2;28;289;162;"A";0;1;16
111;"A";0;1;11;163;"A";0;1;16
140;"A";0;1;14;163;"A";0;1;16
140;"A";0;1;14;164;"A";0;1;16
150;"A";0;1;15;170;"A";0;1;17
200;"A";0;2;20;210;"A";0;2;21
200;"A";0;2;20;220;"A";0;2;22
112;"A";0;1;11;230;"A";0;2;23
113;"A";0;1;11;230;"A";0;2;23
200;"A";0;2;20;230;"A";0;2;23
200;"A";0;2;20;240;"A";0;2;24
500;"B";0;5;50;311;"A";0;3;31
500;"B";0;5;50;312;"A";0;3;31
122;"A";0;1;12;321;"A";0;3;32
500;"B";0;5;50;321;"A";0;3;32
122;"A";0;1;12;322;"A";0;3;32
500;"B";0;5;50;322;"A";0;3;32
1010;"C";1;10;101;510;"B";0;5;51
1020;"C";1;10;102;520;"B";0;5;52
1110;"C";1;11;111;610;"B";0;6;61
1110;"C";1;11;111;620;"B";0;6;62
1310;"C";1;13;131;710;"B";0;7;71
1200;"C";1;12;120;721;"B";0;7;72
1320;"C";1;13;132;729;"B";0;7;72
1410;"C";1;14;141;810;"B";0;8;81
1429;"C";1;14;142;810;"B";0;8;81
1421;"C";1;14;142;891;"B";0;8;89
1030;"C";1;10;103;892;"B";0;8;89
1422;"C";1;14;142;893;"B";0;8;89
1429;"C";1;14;142;899;"B";0;8;89
1110;"C";1;11;111;910;"B";0;9;91
1120;"C";1;11;112;910;"B";0;9;91
7421;"K";7;74;742;910;"B";0;9;91
1010;"C";1;10;101;990;"B";0;9;99
1020;"C";1;10;102;990;"B";0;9;99
1030;"C";1;10;103;990;"B";0;9;99
1200;"C";1;12;120;990;"B";0;9;99
1310;"C";1;13;131;990;"B";0;9;99
1320;"C";1;13;132;990;"B";0;9;99
1410;"C";1;14;141;990;"B";0;9;99
1421;"C";1;14;142;990;"B";0;9;99
1422;"C";1;14;142;990;"B";0;9;99
1429;"C";1;14;142;990;"B";0;9;99
4510;"F";4;45;451;990;"B";0;9;99
7421;"K";7;74;742;990;"B";0;9;99
1511;"D";1;15;151;1010;"C";1;10;101
1512;"D";1;15;151;1020;"C";1;10;102
1513;"D";1;15;151;1030;"C";1;10;103
1549;"D";1;15;154;1030;"C";1;10;103
1514;"D";1;15;151;1040;"C";1;10;104
1520;"D";1;15;152;1050;"C";1;10;105
1531;"D";1;15;153;1061;"C";1;10;106
1532;"D";1;15;153;1062;"C";1;10;106
1541;"D";1;15;154;1071;"C";1;10;107
1549;"D";1;15;154;1071;"C";1;10;107
1542;"D";1;15;154;1072;"C";1;10;107
1543;"D";1;15;154;1073;"C";1;10;107
1544;"D";1;15;154;1074;"C";1;10;107
1512;"D";1;15;151;1075;"C";1;10;107
1513;"D";1;15;151;1075;"C";1;10;107
1544;"D";1;15;154;1075;"C";1;10;107
1549;"D";1;15;154;1075;"C";1;10;107
1549;"D";1;15;154;1079;"C";1;10;107
2429;"D";2;24;242;1079;"C";1;10;107
1533;"D";1;15;153;1080;"C";1;10;108
1551;"D";1;15;155;1101;"C";1;11;110
112;"A";0;1;11;1102;"C";1;11;110
113;"A";0;1;11;1102;"C";1;11;110
200;"A";0;2;20;1102;"C";1;11;110
1552;"D";1;15;155;1102;"C";1;11;110
1553;"D";1;15;155;1103;"C";1;11;110
1554;"D";1;15;155;1104;"C";1;11;110
1600;"D";1;16;160;1200;"C";1;12;120
1711;"D";1;17;171;1311;"C";1;13;131
1711;"D";1;17;171;1312;"C";1;13;131
2699;"D";2;26;269;1312;"C";1;13;131
1712;"D";1;17;171;1313;"C";1;13;131
1729;"D";1;17;172;1313;"C";1;13;131
1810;"D";1;18;181;1313;"C";1;13;131
1730;"D";1;17;173;1391;"C";1;13;139
1721;"D";1;17;172;1392;"C";1;13;139
3430;"D";3;34;343;1392;"C";1;13;139
1722;"D";1;17;172;1393;"C";1;13;139
1723;"D";1;17;172;1394;"C";1;13;139
1729;"D";1;17;172;1399;"C";1;13;139
3699;"D";3;36;369;1399;"C";1;13;139
1810;"D";1;18;181;1410;"C";1;14;141
1820;"D";1;18;182;1420;"C";1;14;142
1730;"D";1;17;173;1430;"C";1;14;143
1820;"D";1;18;182;1511;"C";1;15;151
1911;"D";1;19;191;1511;"C";1;15;151
1912;"D";1;19;191;1512;"C";1;15;151
1920;"D";1;19;192;1512;"C";1;15;151
3699;"D";3;36;369;1512;"C";1;15;151
1920;"D";1;19;192;1520;"C";1;15;152
2010;"D";2;20;201;1610;"C";1;16;161
2021;"D";2;20;202;1621;"C";1;16;162
2022;"D";2;20;202;1622;"C";1;16;162
2023;"D";2;20;202;1623;"C";1;16;162
1920;"D";1;19;192;1629;"C";1;16;162
2029;"D";2;20;202;1629;"C";1;16;162
3699;"D";3;36;369;1629;"C";1;16;162
2101;"D";2;21;210;1701;"C";1;17;170
2102;"D";2;21;210;1702;"C";1;17;170
1729;"D";1;17;172;1709;"C";1;17;170
2109;"D";2;21;210;1709;"C";1;17;170
2221;"D";2;22;222;1709;"C";1;17;170
3699;"D";3;36;369;1709;"C";1;17;170
2109;"D";2;21;210;1811;"C";1;18;181
2221;"D";2;22;222;1811;"C";1;18;181
2892;"D";2;28;289;1811;"C";1;18;181
2222;"D";2;22;222;1812;"C";1;18;181
2230;"D";2;22;223;1820;"C";1;18;182
2310;"D";2;23;231;1910;"C";1;19;191
2411;"D";2;24;241;1910;"C";1;19;191
1010;"C";1;10;101;1920;"C";1;19;192
1020;"C";1;10;102;1920;"C";1;19;192
2320;"D";2;23;232;1920;"C";1;19;192
1551;"D";1;15;155;2011;"C";2;20;201
2330;"D";2;23;233;2011;"C";2;20;201
2411;"D";2;24;241;2011;"C";2;20;201
2429;"D";2;24;242;2011;"C";2;20;201
2412;"D";2;24;241;2012;"C";2;20;201
2413;"D";2;24;241;2013;"C";2;20;201
2421;"D";2;24;242;2021;"C";2;20;202
2422;"D";2;24;242;2022;"C";2;20;202
2424;"D";2;24;242;2023;"C";2;20;202
2429;"D";2;24;242;2029;"C";2;20;202
3699;"D";3;36;369;2029;"C";2;20;202
2430;"D";2;24;243;2030;"C";2;20;203
2330;"D";2;23;233;2100;"C";2;21;210
2423;"D";2;24;242;2100;"C";2;21;210
2511;"D";2;25;251;2211;"C";2;22;221
1920;"D";1;19;192;2219;"C";2;22;221
2519;"D";2;25;251;2219;"C";2;22;221
3610;"D";3;36;361;2219;"C";2;22;221
3699;"D";3;36;369;2219;"C";2;22;221
1920;"D";1;19;192;2220;"C";2;22;222
2109;"D";2;21;210;2220;"C";2;22;222
2519;"D";2;25;251;2220;"C";2;22;222
2520;"D";2;25;252;2220;"C";2;22;222
3610;"D";3;36;361;2220;"C";2;22;222
3699;"D";3;36;369;2220;"C";2;22;222
2610;"D";2;26;261;2310;"C";2;23;231
2692;"D";2;26;269;2391;"C";2;23;239
2691;"D";2;26;269;2392;"C";2;23;239
2693;"D";2;26;269;2392;"C";2;23;239
2691;"D";2;26;269;2393;"C";2;23;239
2694;"D";2;26;269;2394;"C";2;23;239
2695;"D";2;26;269;2395;"C";2;23;239
2696;"D";2;26;269;2396;"C";2;23;239
2699;"D";2;26;269;2399;"C";2;23;239
2710;"D";2;27;271;2410;"C";2;24;241
2330;"D";2;23;233;2420;"C";2;24;242
2720;"D";2;27;272;2420;"C";2;24;242
2710;"D";2;27;271;2431;"C";2;24;243
2731;"D";2;27;273;2431;"C";2;24;243
2732;"D";2;27;273;2432;"C";2;24;243
2811;"D";2;28;281;2511;"C";2;25;251
2812;"D";2;28;281;2512;"C";2;25;251
2813;"D";2;28;281;2513;"C";2;25;251
2927;"D";2;29;292;2520;"C";2;25;252
2891;"D";2;28;289;2591;"C";2;25;259
2892;"D";2;28;289;2592;"C";2;25;259
2893;"D";2;28;289;2593;"C";2;25;259
2929;"D";2;29;292;2593;"C";2;25;259
2899;"D";2;28;289;2599;"C";2;25;259
3190;"D";3;31;319;2599;"C";2;25;259
3699;"D";3;36;369;2599;"C";2;25;259
2429;"D";2;24;242;2610;"C";2;26;261
2520;"D";2;25;252;2610;"C";2;26;261
3000;"D";3;30;300;2610;"C";2;26;261
3110;"D";3;31;311;2610;"C";2;26;261
3120;"D";3;31;312;2610;"C";2;26;261
3130;"D";3;31;313;2610;"C";2;26;261
3210;"D";3;32;321;2610;"C";2;26;261
3230;"D";3;32;323;2610;"C";2;26;261
3000;"D";3;30;300;2620;"C";2;26;262
3190;"D";3;31;319;2630;"C";2;26;263
3220;"D";3;32;322;2630;"C";2;26;263
3230;"D";3;32;323;2630;"C";2;26;263
3230;"D";3;32;323;2640;"C";2;26;264
3694;"D";3;36;369;2640;"C";2;26;264
3190;"D";3;31;319;2651;"C";2;26;265
3220;"D";3;32;322;2651;"C";2;26;265
3312;"D";3;33;331;2651;"C";2;26;265
3313;"D";3;33;331;2651;"C";2;26;265
3330;"D";3;33;333;2652;"C";2;26;265
3311;"D";3;33;331;2660;"C";2;26;266
3230;"D";3;32;323;2670;"C";2;26;267
3312;"D";3;33;331;2670;"C";2;26;267
3320;"D";3;33;332;2670;"C";2;26;267
2429;"D";2;24;242;2680;"C";2;26;268
3110;"D";3;31;311;2710;"C";2;27;271
3120;"D";3;31;312;2710;"C";2;27;271
3140;"D";3;31;314;2720;"C";2;27;272
3130;"D";3;31;313;2731;"C";2;27;273
3320;"D";3;33;332;2731;"C";2;27;273
3130;"D";3;31;313;2732;"C";2;27;273
2520;"D";2;25;252;2733;"C";2;27;273
3120;"D";3;31;312;2733;"C";2;27;273
3190;"D";3;31;319;2733;"C";2;27;273
3150;"D";3;31;315;2740;"C";2;27;274
3190;"D";3;31;319;2740;"C";2;27;274
2930;"D";2;29;293;2750;"C";2;27;275
2922;"D";2;29;292;2790;"C";2;27;279
2929;"D";2;29;292;2790;"C";2;27;279
3110;"D";3;31;311;2790;"C";2;27;279
3120;"D";3;31;312;2790;"C";2;27;279
3130;"D";3;31;313;2790;"C";2;27;279
3150;"D";3;31;315;2790;"C";2;27;279
3190;"D";3;31;319;2790;"C";2;27;279
3210;"D";3;32;321;2790;"C";2;27;279
2911;"D";2;29;291;2811;"C";2;28;281
2912;"D";2;29;291;2811;"C";2;28;281
3110;"D";3;31;311;2811;"C";2;28;281
3430;"D";3;34;343;2811;"C";2;28;281
3530;"D";3;35;353;2811;"C";2;28;281
3591;"D";3;35;359;2811;"C";2;28;281
2519;"D";2;25;251;2812;"C";2;28;281
2912;"D";2;29;291;2812;"C";2;28;281
2913;"D";2;29;291;2812;"C";2;28;281
2912;"D";2;29;291;2813;"C";2;28;281
2913;"D";2;29;291;2814;"C";2;28;281
2914;"D";2;29;291;2815;"C";2;28;281
2930;"D";2;29;293;2815;"C";2;28;281
2915;"D";2;29;291;2816;"C";2;28;281
3599;"D";3;35;359;2816;"C";2;28;281
2429;"D";2;24;242;2817;"C";2;28;281
2899;"D";2;28;289;2817;"C";2;28;281
3000;"D";3;30;300;2817;"C";2;28;281
3230;"D";3;32;323;2817;"C";2;28;281
3610;"D";3;36;361;2817;"C";2;28;281
2922;"D";2;29;292;2818;"C";2;28;281
2919;"D";2;29;291;2819;"C";2;28;281
2922;"D";2;29;292;2819;"C";2;28;281
2930;"D";2;29;293;2819;"C";2;28;281
3312;"D";3;33;331;2819;"C";2;28;281
2921;"D";2;29;292;2821;"C";2;28;282
2922;"D";2;29;292;2822;"C";2;28;282
3190;"D";3;31;319;2822;"C";2;28;282
2923;"D";2;29;292;2823;"C";2;28;282
2924;"D";2;29;292;2824;"C";2;28;282
2925;"D";2;29;292;2825;"C";2;28;282
2926;"D";2;29;292;2826;"C";2;28;282
2929;"D";2;29;292;2826;"C";2;28;282
2929;"D";2;29;292;2829;"C";2;28;282
3312;"D";3;33;331;2829;"C";2;28;282
3320;"D";3;33;332;2829;"C";2;28;282
3530;"D";3;35;353;2829;"C";2;28;282
3694;"D";3;36;369;2829;"C";2;28;282
3699;"D";3;36;369;2829;"C";2;28;282
3410;"D";3;34;341;2910;"C";2;29;291
3420;"D";3;34;342;2920;"C";2;29;292
3190;"D";3;31;319;2930;"C";2;29;293
3430;"D";3;34;343;2930;"C";2;29;293
3610;"D";3;36;361;2930;"C";2;29;293
3511;"D";3;35;351;3011;"C";3;30;301
3610;"D";3;36;361;3011;"C";3;30;301
3512;"D";3;35;351;3012;"C";3;30;301
3190;"D";3;31;319;3020;"C";3;30;302
3520;"D";3;35;352;3020;"C";3;30;302
3610;"D";3;36;361;3020;"C";3;30;302
2927;"D";2;29;292;3030;"C";3;30;303
3530;"D";3;35;353;3030;"C";3;30;303
3610;"D";3;36;361;3030;"C";3;30;303
2927;"D";2;29;292;3040;"C";3;30;304
3591;"D";3;35;359;3091;"C";3;30;309
3592;"D";3;35;359;3092;"C";3;30;309
3699;"D";3;36;369;3092;"C";3;30;309
3599;"D";3;35;359;3099;"C";3;30;309
3599;"D";3;35;359;3100;"C";3;31;310
3610;"D";3;36;361;3100;"C";3;31;310
3330;"D";3;33;333;3211;"C";3;32;321
3691;"D";3;36;369;3211;"C";3;32;321
3330;"D";3;33;333;3212;"C";3;32;321
3699;"D";3;36;369;3212;"C";3;32;321
3692;"D";3;36;369;3220;"C";3;32;322
1920;"D";1;19;192;3230;"C";3;32;323
3693;"D";3;36;369;3230;"C";3;32;323
3694;"D";3;36;369;3240;"C";3;32;324
1721;"D";1;17;172;3250;"C";3;32;325
2423;"D";2;24;242;3250;"C";3;32;325
2919;"D";2;29;291;3250;"C";3;32;325
3311;"D";3;33;331;3250;"C";3;32;325
3312;"D";3;33;331;3250;"C";3;32;325
3320;"D";3;33;332;3250;"C";3;32;325
1810;"D";1;18;181;3290;"C";3;32;329
1912;"D";1;19;191;3290;"C";3;32;329
2029;"D";2;20;202;3290;"C";3;32;329
2211;"D";2;22;221;3290;"C";3;32;329
2519;"D";2;25;251;3290;"C";3;32;329
2520;"D";2;25;252;3290;"C";3;32;329
2699;"D";2;26;269;3290;"C";3;32;329
2899;"D";2;28;289;3290;"C";3;32;329
3311;"D";3;33;331;3290;"C";3;32;329
3693;"D";3;36;369;3290;"C";3;32;329
3699;"D";3;36;369;3290;"C";3;32;329
2811;"D";2;28;281;3311;"C";3;33;331
2812;"D";2;28;281;3311;"C";3;33;331
2813;"D";2;28;281;3311;"C";3;33;331
2892;"D";2;28;289;3311;"C";3;33;331
2893;"D";2;28;289;3311;"C";3;33;331
2899;"D";2;28;289;3311;"C";3;33;331
2927;"D";2;29;292;3311;"C";3;33;331
2929;"D";2;29;292;3311;"C";3;33;331
3420;"D";3;34;342;3311;"C";3;33;331
2911;"D";2;29;291;3312;"C";3;33;331
2912;"D";2;29;291;3312;"C";3;33;331
2913;"D";2;29;291;3312;"C";3;33;331
2914;"D";2;29;291;3312;"C";3;33;331
2915;"D";2;29;291;3312;"C";3;33;331
2919;"D";2;29;291;3312;"C";3;33;331
2921;"D";2;29;292;3312;"C";3;33;331
2922;"D";2;29;292;3312;"C";3;33;331
2923;"D";2;29;292;3312;"C";3;33;331
2924;"D";2;29;292;3312;"C";3;33;331
2925;"D";2;29;292;3312;"C";3;33;331
2926;"D";2;29;292;3312;"C";3;33;331
2929;"D";2;29;292;3312;"C";3;33;331
3110;"D";3;31;311;3312;"C";3;33;331
3230;"D";3;32;323;3312;"C";3;33;331
3599;"D";3;35;359;3312;"C";3;33;331
3694;"D";3;36;369;3312;"C";3;33;331
3699;"D";3;36;369;3312;"C";3;33;331
7250;"K";7;72;725;3312;"C";3;33;331
1712;"D";1;17;171;3313;"C";3;33;331
2892;"D";2;28;289;3313;"C";3;33;331
3190;"D";3;31;319;3313;"C";3;33;331
3220;"D";3;32;322;3313;"C";3;33;331
3230;"D";3;32;323;3313;"C";3;33;331
3311;"D";3;33;331;3313;"C";3;33;331
3312;"D";3;33;331;3313;"C";3;33;331
3313;"D";3;33;331;3313;"C";3;33;331
3320;"D";3;33;332;3313;"C";3;33;331
5260;"G";5;52;526;3313;"C";3;33;331
2520;"D";2;25;252;3314;"C";3;33;331
2922;"D";2;29;292;3314;"C";3;33;331
2929;"D";2;29;292;3314;"C";3;33;331
3110;"D";3;31;311;3314;"C";3;33;331
3120;"D";3;31;312;3314;"C";3;33;331
3130;"D";3;31;313;3314;"C";3;33;331
3140;"D";3;31;314;3314;"C";3;33;331
3150;"D";3;31;315;3314;"C";3;33;331
3190;"D";3;31;319;3314;"C";3;33;331
3210;"D";3;32;321;3314;"C";3;33;331
3511;"D";3;35;351;3315;"C";3;33;331
3512;"D";3;35;351;3315;"C";3;33;331
3520;"D";3;35;352;3315;"C";3;33;331
3530;"D";3;35;353;3315;"C";3;33;331
3599;"D";3;35;359;3315;"C";3;33;331
6303;"I";6;63;630;3315;"C";3;33;331
1721;"D";1;17;172;3319;"C";3;33;331
1723;"D";1;17;172;3319;"C";3;33;331
2023;"D";2;20;202;3319;"C";3;33;331
2029;"D";2;20;202;3319;"C";3;33;331
2519;"D";2;25;251;3319;"C";3;33;331
2520;"D";2;25;252;3319;"C";3;33;331
2610;"D";2;26;261;3319;"C";3;33;331
2699;"D";2;26;269;3319;"C";3;33;331
3311;"D";3;33;331;3319;"C";3;33;331
3312;"D";3;33;331;3319;"C";3;33;331
3330;"D";3;33;333;3319;"C";3;33;331
3692;"D";3;36;369;3319;"C";3;33;331
3694;"D";3;36;369;3319;"C";3;33;331
2813;"D";2;28;281;3320;"C";3;33;332
2911;"D";2;29;291;3320;"C";3;33;332
2912;"D";2;29;291;3320;"C";3;33;332
2914;"D";2;29;291;3320;"C";3;33;332
2915;"D";2;29;291;3320;"C";3;33;332
2919;"D";2;29;291;3320;"C";3;33;332
2921;"D";2;29;292;3320;"C";3;33;332
2922;"D";2;29;292;3320;"C";3;33;332
2923;"D";2;29;292;3320;"C";3;33;332
2924;"D";2;29;292;3320;"C";3;33;332
2925;"D";2;29;292;3320;"C";3;33;332
2926;"D";2;29;292;3320;"C";3;33;332
2929;"D";2;29;292;3320;"C";3;33;332
3000;"D";3;30;300;3320;"C";3;33;332
3110;"D";3;31;311;3320;"C";3;33;332
3220;"D";3;32;322;3320;"C";3;33;332
3311;"D";3;33;331;3320;"C";3;33;332
3313;"D";3;33;331;3320;"C";3;33;332
4540;"F";4;45;454;3320;"C";3;33;332
4010;"E";4;40;401;3510;"D";3;35;351
4020;"E";4;40;402;3520;"D";3;35;352
1549;"D";1;15;154;3530;"D";3;35;353
4030;"E";4;40;403;3530;"D";3;35;353
4100;"E";4;41;410;3600;"E";3;36;360
9000;"O";9;90;900;3700;"E";3;37;370
9000;"O";9;90;900;3811;"E";3;38;381
2330;"D";2;23;233;3812;"E";3;38;381
9000;"O";9;90;900;3812;"E";3;38;381
2412;"D";2;24;241;3821;"E";3;38;382
9000;"O";9;90;900;3821;"E";3;38;382
2330;"D";2;23;233;3822;"E";3;38;382
9000;"O";9;90;900;3822;"E";3;38;382
3710;"D";3;37;371;3830;"E";3;38;383
3720;"D";3;37;372;3830;"E";3;38;383
4510;"F";4;45;451;3900;"E";3;39;390
9000;"O";9;90;900;3900;"E";3;39;390
4520;"F";4;45;452;4100;"F";4;41;410
4520;"F";4;45;452;4210;"F";4;42;421
4520;"F";4;45;452;4220;"F";4;42;422
4520;"F";4;45;452;4290;"F";4;42;429
7010;"K";7;70;701;4290;"F";4;42;429
4510;"F";4;45;451;4311;"F";4;43;431
4510;"F";4;45;451;4312;"F";4;43;431
4550;"F";4;45;455;4312;"F";4;43;431
4530;"F";4;45;453;4321;"F";4;43;432
4530;"F";4;45;453;4322;"F";4;43;432
4530;"F";4;45;453;4329;"F";4;43;432
4540;"F";4;45;454;4329;"F";4;43;432
4530;"F";4;45;453;4330;"F";4;43;433
4540;"F";4;45;454;4330;"F";4;43;433
4520;"F";4;45;452;4390;"F";4;43;439
4530;"F";4;45;453;4390;"F";4;43;439
4540;"F";4;45;454;4390;"F";4;43;439
4550;"F";4;45;455;4390;"F";4;43;439
5010;"G";5;50;501;4510;"G";4;45;451
5020;"G";5;50;502;4520;"G";4;45;452
5030;"G";5;50;503;4530;"G";4;45;453
5040;"G";5;50;504;4540;"G";4;45;454
5110;"G";5;51;511;4610;"G";4;46;461
5121;"G";5;51;512;4620;"G";4;46;462
5122;"G";5;51;512;4630;"G";4;46;463
5131;"G";5;51;513;4641;"G";4;46;464
5139;"G";5;51;513;4649;"G";4;46;464
5150;"G";5;51;515;4651;"G";4;46;465
5150;"G";5;51;515;4652;"G";4;46;465
5150;"G";5;51;515;4653;"G";4;46;465
5150;"G";5;51;515;4659;"G";4;46;465
5141;"G";5;51;514;4661;"G";4;46;466
5142;"G";5;51;514;4662;"G";4;46;466
5139;"G";5;51;513;4663;"G";4;46;466
5143;"G";5;51;514;4663;"G";4;46;466
5149;"G";5;51;514;4669;"G";4;46;466
5190;"G";5;51;519;4690;"G";4;46;469
5211;"G";5;52;521;4711;"G";4;47;471
5219;"G";5;52;521;4719;"G";4;47;471
5220;"G";5;52;522;4721;"G";4;47;472
5220;"G";5;52;522;4722;"G";4;47;472
5220;"G";5;52;522;4723;"G";4;47;472
5050;"G";5;50;505;4730;"G";4;47;473
5239;"G";5;52;523;4741;"G";4;47;474
5233;"G";5;52;523;4742;"G";4;47;474
5232;"G";5;52;523;4751;"G";4;47;475
5234;"G";5;52;523;4752;"G";4;47;475
5233;"G";5;52;523;4753;"G";4;47;475
5239;"G";5;52;523;4753;"G";4;47;475
5233;"G";5;52;523;4759;"G";4;47;475
5239;"G";5;52;523;4761;"G";4;47;476
5233;"G";5;52;523;4762;"G";4;47;476
5239;"G";5;52;523;4763;"G";4;47;476
5239;"G";5;52;523;4764;"G";4;47;476
5232;"G";5;52;523;4771;"G";4;47;477
5231;"G";5;52;523;4772;"G";4;47;477
5239;"G";5;52;523;4773;"G";4;47;477
5240;"G";5;52;524;4774;"G";4;47;477
5252;"G";5;52;525;4781;"G";4;47;478
5252;"G";5;52;525;4782;"G";4;47;478
5252;"G";5;52;525;4789;"G";4;47;478
5251;"G";5;52;525;4791;"G";4;47;479
5259;"G";5;52;525;4791;"G";4;47;479
5259;"G";5;52;525;4799;"G";4;47;479
6010;"I";6;60;601;4911;"H";4;49;491
6010;"I";6;60;601;4912;"H";4;49;491
6021;"I";6;60;602;4921;"H";4;49;492
6021;"I";6;60;602;4922;"H";4;49;492
6022;"I";6;60;602;4922;"H";4;49;492
9241;"O";9;92;924;4922;"H";4;49;492
9249;"O";9;92;924;4922;"H";4;49;492
6023;"I";6;60;602;4923;"H";4;49;492
6030;"I";6;60;603;4930;"H";4;49;493
6110;"I";6;61;611;5011;"H";5;50;501
6110;"I";6;61;611;5012;"H";5;50;501
6120;"I";6;61;612;5021;"H";5;50;502
6120;"I";6;61;612;5022;"H";5;50;502
6210;"I";6;62;621;5110;"H";5;51;511
6220;"I";6;62;622;5110;"H";5;51;511
6210;"I";6;62;621;5120;"H";5;51;512
6220;"I";6;62;622;5120;"H";5;51;512
6302;"I";6;63;630;5210;"H";5;52;521
5020;"G";5;50;502;5221;"H";5;52;522
6010;"I";6;60;601;5221;"H";5;52;522
6303;"I";6;63;630;5221;"H";5;52;522
6303;"I";6;63;630;5222;"H";5;52;522
6303;"I";6;63;630;5223;"H";5;52;522
6301;"I";6;63;630;5224;"H";5;52;522
6309;"I";6;63;630;5229;"H";5;52;522
6411;"I";6;64;641;5310;"H";5;53;531
6412;"I";6;64;641;5320;"H";5;53;532
5510;"H";5;55;551;5510;"I";5;55;551
5510;"H";5;55;551;5520;"I";5;55;552
5510;"H";5;55;551;5590;"I";5;55;559
5520;"H";5;55;552;5610;"I";5;56;561
8532;"N";8;85;853;5610;"I";5;56;561
5520;"H";5;55;552;5621;"I";5;56;562
8532;"N";8;85;853;5621;"I";5;56;562
5520;"H";5;55;552;5629;"I";5;56;562
8532;"N";8;85;853;5629;"I";5;56;562
5520;"H";5;55;552;5630;"I";5;56;563
8532;"N";8;85;853;5630;"I";5;56;563
2211;"D";2;22;221;5811;"J";5;58;581
7240;"K";7;72;724;5811;"J";5;58;581
2211;"D";2;22;221;5812;"J";5;58;581
7240;"K";7;72;724;5812;"J";5;58;581
2212;"D";2;22;221;5813;"J";5;58;581
2219;"D";2;22;221;5813;"J";5;58;581
7240;"K";7;72;724;5813;"J";5;58;581
2219;"D";2;22;221;5819;"J";5;58;581
7240;"K";7;72;724;5819;"J";5;58;581
7220;"K";7;72;722;5820;"J";5;58;582
7240;"K";7;72;724;5820;"J";5;58;582
9211;"O";9;92;921;5911;"J";5;59;591
9213;"O";9;92;921;5911;"J";5;59;591
9249;"O";9;92;924;5911;"J";5;59;591
9211;"O";9;92;921;5912;"J";5;59;591
9231;"O";9;92;923;5912;"J";5;59;591
9249;"O";9;92;924;5912;"J";5;59;591
9211;"O";9;92;921;5913;"J";5;59;591
9249;"O";9;92;924;5913;"J";5;59;591
9212;"O";9;92;921;5914;"J";5;59;591
2211;"D";2;22;221;5920;"J";5;59;592
2213;"D";2;22;221;5920;"J";5;59;592
7240;"K";7;72;724;5920;"J";5;59;592
9211;"O";9;92;921;5920;"J";5;59;592
9213;"O";9;92;921;5920;"J";5;59;592
9249;"O";9;92;924;5920;"J";5;59;592
7240;"K";7;72;724;6010;"J";6;60;601
9213;"O";9;92;921;6010;"J";6;60;601
7240;"K";7;72;724;6020;"J";6;60;602
9213;"O";9;92;921;6020;"J";6;60;602
6420;"I";6;64;642;6110;"J";6;61;611
9309;"O";9;93;930;6110;"J";6;61;611
6420;"I";6;64;642;6120;"J";6;61;612
9309;"O";9;93;930;6120;"J";6;61;612
6420;"I";6;64;642;6130;"J";6;61;613
9309;"O";9;93;930;6130;"J";6;61;613
6420;"I";6;64;642;6190;"J";6;61;619
9309;"O";9;93;930;6190;"J";6;61;619
7220;"K";7;72;722;6201;"J";6;62;620
7210;"K";7;72;721;6202;"J";6;62;620
7220;"K";7;72;722;6202;"J";6;62;620
7230;"K";7;72;723;6202;"J";6;62;620
7290;"K";7;72;729;6209;"J";6;62;620
7230;"K";7;72;723;6311;"J";6;63;631
7240;"K";7;72;724;6312;"J";6;63;631
9220;"O";9;92;922;6391;"J";6;63;639
7499;"K";7;74;749;6399;"J";6;63;639
6511;"J";6;65;651;6411;"K";6;64;641
6519;"J";6;65;651;6419;"K";6;64;641
6719;"J";6;67;671;6419;"K";6;64;641
6599;"J";6;65;659;6420;"K";6;64;642
6599;"J";6;65;659;6430;"K";6;64;643
6591;"J";6;65;659;6491;"K";6;64;649
5240;"G";5;52;524;6492;"K";6;64;649
6592;"J";6;65;659;6492;"K";6;64;649
5240;"G";5;52;524;6499;"K";6;64;649
6592;"J";6;65;659;6499;"K";6;64;649
6599;"J";6;65;659;6499;"K";6;64;649
6601;"J";6;66;660;6511;"K";6;65;651
6603;"J";6;66;660;6511;"K";6;65;651
6603;"J";6;66;660;6512;"K";6;65;651
6601;"J";6;66;660;6520;"K";6;65;652
6603;"J";6;66;660;6520;"K";6;65;652
6602;"J";6;66;660;6530;"K";6;65;653
6711;"J";6;67;671;6611;"K";6;66;661
6712;"J";6;67;671;6612;"K";6;66;661
6719;"J";6;67;671;6612;"K";6;66;661
6599;"J";6;65;659;6619;"K";6;66;661
6719;"J";6;67;671;6619;"K";6;66;661
6720;"J";6;67;672;6621;"K";6;66;662
6720;"J";6;67;672;6622;"K";6;66;662
6720;"J";6;67;672;6629;"K";6;66;662
6602;"J";6;66;660;6630;"K";6;66;663
6712;"J";6;67;671;6630;"K";6;66;663
7010;"K";7;70;701;6810;"L";6;68;681
7514;"L";7;75;751;6810;"L";6;68;681
7020;"K";7;70;702;6820;"L";6;68;682
7514;"L";7;75;751;6820;"L";6;68;682
7411;"K";7;74;741;6910;"M";6;69;691
7412;"K";7;74;741;6920;"M";6;69;692
7414;"K";7;74;741;7010;"M";7;70;701
7414;"K";7;74;741;7020;"M";7;70;702
7421;"K";7;74;742;7110;"M";7;71;711
7422;"K";7;74;742;7120;"M";7;71;712
7523;"L";7;75;752;7120;"M";7;71;712
7310;"K";7;73;731;7210;"M";7;72;721
7310;"K";7;73;731;7220;"M";7;72;722
7320;"K";7;73;732;7220;"M";7;72;722
7430;"K";7;74;743;7310;"M";7;73;731
7499;"K";7;74;749;7310;"M";7;73;731
7413;"K";7;74;741;7320;"M";7;73;732
7421;"K";7;74;742;7410;"M";7;74;741
7499;"K";7;74;749;7410;"M";7;74;741
7494;"K";7;74;749;7420;"M";7;74;742
7499;"K";7;74;749;7420;"M";7;74;742
9220;"O";9;92;922;7420;"M";7;74;742
6309;"I";6;63;630;7490;"M";7;74;749
7414;"K";7;74;741;7490;"M";7;74;749
7421;"K";7;74;742;7490;"M";7;74;749
7492;"K";7;74;749;7490;"M";7;74;749
7499;"K";7;74;749;7490;"M";7;74;749
8520;"N";8;85;852;7500;"M";7;75;750
7111;"K";7;71;711;7710;"N";7;77;771
7130;"K";7;71;713;7721;"N";7;77;772
7130;"K";7;71;713;7722;"N";7;77;772
7130;"K";7;71;713;7729;"N";7;77;772
7111;"K";7;71;711;7730;"N";7;77;773
7112;"K";7;71;711;7730;"N";7;77;773
7113;"K";7;71;711;7730;"N";7;77;773
7121;"K";7;71;712;7730;"N";7;77;773
7122;"K";7;71;712;7730;"N";7;77;773
7123;"K";7;71;712;7730;"N";7;77;773
7129;"K";7;71;712;7730;"N";7;77;773
7130;"K";7;71;713;7730;"N";7;77;773
6599;"J";6;65;659;7740;"N";7;77;774
7491;"K";7;74;749;7810;"N";7;78;781
9249;"O";9;92;924;7810;"N";7;78;781
7491;"K";7;74;749;7820;"N";7;78;782
7491;"K";7;74;749;7830;"N";7;78;783
6304;"I";6;63;630;7911;"N";7;79;791
6304;"I";6;63;630;7912;"N";7;79;791
6304;"I";6;63;630;7990;"N";7;79;799
7513;"L";7;75;751;7990;"N";7;79;799
9214;"O";9;92;921;7990;"N";7;79;799
9219;"O";9;92;921;7990;"N";7;79;799
9241;"O";9;92;924;7990;"N";7;79;799
9249;"O";9;92;924;7990;"N";7;79;799
7492;"K";7;74;749;8010;"N";8;80;801
1712;"D";1;17;171;8020;"N";8;80;802
2892;"D";2;28;289;8020;"N";8;80;802
5260;"G";5;52;526;8020;"N";8;80;802
7492;"K";7;74;749;8020;"N";8;80;802
7492;"K";7;74;749;8030;"N";8;80;803
7020;"K";7;70;702;8110;"N";8;81;811
7493;"K";7;74;749;8121;"N";8;81;812
7493;"K";7;74;749;8129;"N";8;81;812
9000;"O";9;90;900;8129;"N";8;81;812
140;"A";0;1;14;8130;"N";8;81;813
9000;"O";9;90;900;8130;"N";8;81;813
7499;"K";7;74;749;8211;"N";8;82;821
6411;"I";6;64;641;8219;"N";8;82;821
7499;"K";7;74;749;8219;"N";8;82;821
7499;"K";7;74;749;8220;"N";8;82;822
7499;"K";7;74;749;8230;"N";8;82;823
7499;"K";7;74;749;8291;"N";8;82;829
7495;"K";7;74;749;8292;"N";8;82;829
7499;"K";7;74;749;8299;"N";8;82;829
7511;"L";7;75;751;8411;"O";8;84;841
7514;"L";7;75;751;8411;"O";8;84;841
7512;"L";7;75;751;8412;"O";8;84;841
7513;"L";7;75;751;8413;"O";8;84;841
7521;"L";7;75;752;8421;"O";8;84;842
7522;"L";7;75;752;8422;"O";8;84;842
7523;"L";7;75;752;8423;"O";8;84;842
7530;"L";7;75;753;8430;"O";8;84;843
8010;"M";8;80;801;8510;"P";8;85;851
8090;"M";8;80;809;8510;"P";8;85;851
8021;"M";8;80;802;8521;"P";8;85;852
8090;"M";8;80;809;8521;"P";8;85;852
8022;"M";8;80;802;8522;"P";8;85;852
8090;"M";8;80;809;8522;"P";8;85;852
8030;"M";8;80;803;8530;"P";8;85;853
140;"A";0;1;14;8541;"P";8;85;854
7494;"K";7;74;749;8541;"P";8;85;854
9241;"O";9;92;924;8541;"P";8;85;854
9249;"O";9;92;924;8541;"P";8;85;854
9309;"O";9;93;930;8541;"P";8;85;854
8090;"M";8;80;809;8542;"P";8;85;854
9219;"O";9;92;921;8542;"P";8;85;854
8090;"M";8;80;809;8549;"P";8;85;854
9241;"O";9;92;924;8549;"P";8;85;854
9249;"O";9;92;924;8549;"P";8;85;854
7414;"K";7;74;741;8550;"P";8;85;855
7499;"K";7;74;749;8550;"P";8;85;855
8532;"N";8;85;853;8550;"P";8;85;855
8511;"N";8;85;851;8610;"Q";8;86;861
8512;"N";8;85;851;8620;"Q";8;86;862
8519;"N";8;85;851;8690;"Q";8;86;869
8519;"N";8;85;851;8710;"Q";8;87;871
8519;"N";8;85;851;8720;"Q";8;87;872
8531;"N";8;85;853;8720;"Q";8;87;872
8519;"N";8;85;851;8730;"Q";8;87;873
8531;"N";8;85;853;8730;"Q";8;87;873
8531;"N";8;85;853;8790;"Q";8;87;879
8532;"N";8;85;853;8810;"Q";8;88;881
7521;"L";7;75;752;8890;"Q";8;88;889
8532;"N";8;85;853;8890;"Q";8;88;889
9214;"O";9;92;921;9000;"R";9;90;900
9219;"O";9;92;921;9000;"R";9;90;900
9220;"O";9;92;922;9000;"R";9;90;900
7514;"L";7;75;751;9101;"R";9;91;910
9231;"O";9;92;923;9101;"R";9;91;910
9232;"O";9;92;923;9102;"R";9;91;910
9233;"O";9;92;923;9103;"R";9;91;910
9249;"O";9;92;924;9200;"R";9;92;920
9241;"O";9;92;924;9311;"R";9;93;931
9249;"O";9;92;924;9311;"R";9;93;931
9241;"O";9;92;924;9312;"R";9;93;931
9249;"O";9;92;924;9312;"R";9;93;931
9241;"O";9;92;924;9319;"R";9;93;931
9249;"O";9;92;924;9319;"R";9;93;931
9219;"O";9;92;921;9321;"R";9;93;932
9219;"O";9;92;921;9329;"R";9;93;932
9241;"O";9;92;924;9329;"R";9;93;932
9249;"O";9;92;924;9329;"R";9;93;932
9111;"O";9;91;911;9411;"S";9;94;941
9112;"O";9;91;911;9412;"S";9;94;941
9120;"O";9;91;912;9420;"S";9;94;942
9191;"O";9;91;919;9491;"S";9;94;949
9192;"O";9;91;919;9492;"S";9;94;949
150;"A";0;1;15;9499;"S";9;94;949
6599;"J";6;65;659;9499;"S";9;94;949
9199;"O";9;91;919;9499;"S";9;94;949
7250;"K";7;72;725;9511;"S";9;95;951
1712;"D";1;17;171;9512;"S";9;95;951
2892;"D";2;28;289;9512;"S";9;95;951
3220;"D";3;32;322;9512;"S";9;95;951
5260;"G";5;52;526;9512;"S";9;95;951
1712;"D";1;17;171;9521;"S";9;95;952
2892;"D";2;28;289;9521;"S";9;95;952
3230;"D";3;32;323;9521;"S";9;95;952
5260;"G";5;52;526;9521;"S";9;95;952
1712;"D";1;17;171;9522;"S";9;95;952
2892;"D";2;28;289;9522;"S";9;95;952
5260;"G";5;52;526;9522;"S";9;95;952
1712;"D";1;17;171;9523;"S";9;95;952
2892;"D";2;28;289;9523;"S";9;95;952
5260;"G";5;52;526;9523;"S";9;95;952
1712;"D";1;17;171;9524;"S";9;95;952
2892;"D";2;28;289;9524;"S";9;95;952
3610;"D";3;36;361;9524;"S";9;95;952
5260;"G";5;52;526;9524;"S";9;95;952
1712;"D";1;17;171;9529;"S";9;95;952
2892;"D";2;28;289;9529;"S";9;95;952
5260;"G";5;52;526;9529;"S";9;95;952
9301;"O";9;93;930;9601;"S";9;96;960
9302;"O";9;93;930;9602;"S";9;96;960
9303;"O";9;93;930;9603;"S";9;96;960
140;"A";0;1;14;9609;"S";9;96;960
7494;"K";7;74;749;9609;"S";9;96;960
9309;"O";9;93;930;9609;"S";9;96;960
9500;"P";9;95;950;9700;"T";9;97;970
9900;"Q";9;99;990;9900;"U";9;99;990
