isic_rev2_4dig;isic_rev2_secdig;isic_rev2_1dig;isic_rev2_2dig;isic_rev2_3dig;isic_rev4_4dig;isic_rev4_secdig;isic_rev4_1dig;isic_rev4_2dig;isic_rev4_3dig
1110;"C";1;11;111;111;"A";0;1;11
1110;"C";1;11;111;112;"A";0;1;11
1110;"C";1;11;111;113;"A";0;1;11
1110;"C";1;11;111;114;"A";0;1;11
1110;"C";1;11;111;115;"A";0;1;11
1110;"C";1;11;111;116;"A";0;1;11
1110;"C";1;11;111;119;"A";0;1;11
1110;"C";1;11;111;121;"A";0;1;12
1110;"C";1;11;111;122;"A";0;1;12
1110;"C";1;11;111;123;"A";0;1;12
1110;"C";1;11;111;124;"A";0;1;12
1110;"C";1;11;111;125;"A";0;1;12
1110;"C";1;11;111;126;"A";0;1;12
1110;"C";1;11;111;127;"A";0;1;12
1110;"C";1;11;111;128;"A";0;1;12
1110;"C";1;11;111;129;"A";0;1;12
1110;"C";1;11;111;130;"A";0;1;13
1110;"C";1;11;111;141;"A";0;1;14
1110;"C";1;11;111;142;"A";0;1;14
1110;"C";1;11;111;143;"A";0;1;14
1110;"C";1;11;111;144;"A";0;1;14
1110;"C";1;11;111;145;"A";0;1;14
1110;"C";1;11;111;146;"A";0;1;14
1110;"C";1;11;111;149;"A";0;1;14
1110;"C";1;11;111;150;"A";0;1;15
1110;"C";1;11;111;161;"A";0;1;16
1110;"C";1;11;111;162;"A";0;1;16
1110;"C";1;11;111;163;"A";0;1;16
1110;"C";1;11;111;164;"A";0;1;16
1110;"C";1;11;111;210;"A";0;2;21
1110;"C";1;11;111;220;"A";0;2;22
1110;"C";1;11;111;230;"A";0;2;23
1110;"C";1;11;111;240;"A";0;2;24
1110;"C";1;11;111;321;"A";0;3;32
1110;"C";1;11;111;322;"A";0;3;32
1110;"C";1;11;111;1102;"C";1;11;110
1110;"C";1;11;111;8130;"N";8;81;813
1120;"C";1;11;112;143;"A";0;1;14
1120;"C";1;11;112;145;"A";0;1;14
1120;"C";1;11;112;146;"A";0;1;14
1120;"C";1;11;112;149;"A";0;1;14
1120;"C";1;11;112;161;"A";0;1;16
1120;"C";1;11;112;162;"A";0;1;16
1120;"C";1;11;112;163;"A";0;1;16
1120;"C";1;11;112;164;"A";0;1;16
1120;"C";1;11;112;321;"A";0;3;32
1120;"C";1;11;112;322;"A";0;3;32
1120;"C";1;11;112;7010;"M";7;70;701
1120;"C";1;11;112;7020;"M";7;70;702
1120;"C";1;11;112;7490;"M";7;74;749
1120;"C";1;11;112;8130;"N";8;81;813
1120;"C";1;11;112;8550;"P";8;85;855
1130;;;;;170;"A";0;1;17
1130;;;;;9499;"S";9;94;949
1210;;;;;113;"A";0;1;11
1210;;;;;119;"A";0;1;11
1210;;;;;125;"A";0;1;12
1210;;;;;128;"A";0;1;12
1210;;;;;129;"A";0;1;12
1210;;;;;130;"A";0;1;13
1210;;;;;210;"A";0;2;21
1210;;;;;220;"A";0;2;22
1210;;;;;230;"A";0;2;23
1210;;;;;240;"A";0;2;24
1220;;;;;129;"A";0;1;12
1220;;;;;130;"A";0;1;13
1220;;;;;210;"A";0;2;21
1220;;;;;220;"A";0;2;22
1220;;;;;230;"A";0;2;23
1220;;;;;240;"A";0;2;24
1301;;;;;170;"A";0;1;17
1301;;;;;311;"A";0;3;31
1301;;;;;312;"A";0;3;31
1301;;;;;9499;"S";9;94;949
1302;;;;;143;"A";0;1;14
1302;;;;;145;"A";0;1;14
1302;;;;;146;"A";0;1;14
1302;;;;;149;"A";0;1;14
1302;;;;;311;"A";0;3;31
1302;;;;;312;"A";0;3;31
1302;;;;;321;"A";0;3;32
1302;;;;;322;"A";0;3;32
2100;;;;;510;"B";0;5;51
2100;;;;;520;"B";0;5;52
2100;;;;;990;"B";0;9;99
2100;;;;;1920;"C";1;19;192
2200;;;;;510;"B";0;5;51
2200;;;;;610;"B";0;6;61
2200;;;;;620;"B";0;6;62
2200;;;;;910;"B";0;9;91
2200;;;;;990;"B";0;9;99
2200;;;;;1920;"C";1;19;192
2301;;;;;710;"B";0;7;71
2301;;;;;990;"B";0;9;99
2302;;;;;721;"B";0;7;72
2302;;;;;729;"B";0;7;72
2302;;;;;990;"B";0;9;99
2901;;;;;810;"B";0;8;81
2901;;;;;899;"B";0;8;89
2901;;;;;990;"B";0;9;99
2902;;;;;891;"B";0;8;89
2902;;;;;990;"B";0;9;99
2903;;;;;893;"B";0;8;89
2903;;;;;990;"B";0;9;99
2909;;;;;810;"B";0;8;81
2909;;;;;892;"B";0;8;89
2909;;;;;899;"B";0;8;89
2909;;;;;990;"B";0;9;99
3111;;;;;1010;"C";1;10;101
3111;;;;;1030;"C";1;10;103
3111;;;;;1071;"C";1;10;107
3111;;;;;1075;"C";1;10;107
3111;;;;;1079;"C";1;10;107
3111;;;;;3530;"D";3;35;353
3112;;;;;1050;"C";1;10;105
3113;;;;;1030;"C";1;10;103
3113;;;;;1071;"C";1;10;107
3113;;;;;1075;"C";1;10;107
3113;;;;;1079;"C";1;10;107
3113;;;;;3530;"D";3;35;353
3114;;;;;1020;"C";1;10;102
3114;;;;;1030;"C";1;10;103
3114;;;;;1071;"C";1;10;107
3114;;;;;1075;"C";1;10;107
3114;;;;;1079;"C";1;10;107
3114;;;;;3530;"D";3;35;353
3115;;;;;1010;"C";1;10;101
3115;;;;;1020;"C";1;10;102
3115;;;;;1040;"C";1;10;104
3115;;;;;1062;"C";1;10;106
3115;;;;;1075;"C";1;10;107
3116;;;;;1030;"C";1;10;103
3116;;;;;1061;"C";1;10;106
3116;;;;;1062;"C";1;10;106
3116;;;;;1075;"C";1;10;107
3117;;;;;1071;"C";1;10;107
3117;;;;;1074;"C";1;10;107
3117;;;;;1075;"C";1;10;107
3118;;;;;1072;"C";1;10;107
3119;;;;;1030;"C";1;10;103
3119;;;;;1073;"C";1;10;107
3119;;;;;1075;"C";1;10;107
3121;;;;;1030;"C";1;10;103
3121;;;;;1062;"C";1;10;106
3121;;;;;1071;"C";1;10;107
3121;;;;;1072;"C";1;10;107
3121;;;;;1073;"C";1;10;107
3121;;;;;1074;"C";1;10;107
3121;;;;;1075;"C";1;10;107
3121;;;;;1079;"C";1;10;107
3121;;;;;2011;"C";2;20;201
3121;;;;;2029;"C";2;20;202
3121;;;;;2610;"C";2;26;261
3121;;;;;2680;"C";2;26;268
3121;;;;;2817;"C";2;28;281
3121;;;;;3530;"D";3;35;353
3122;;;;;1061;"C";1;10;106
3122;;;;;1080;"C";1;10;108
3131;;;;;1101;"C";1;11;110
3131;;;;;2011;"C";2;20;201
3132;;;;;1102;"C";1;11;110
3133;;;;;1103;"C";1;11;110
3134;;;;;1104;"C";1;11;110
3140;"D";3;31;314;1200;"C";1;12;120
3211;;;;;161;"A";0;1;16
3211;;;;;162;"A";0;1;16
3211;;;;;163;"A";0;1;16
3211;;;;;164;"A";0;1;16
3211;;;;;1311;"C";1;13;131
3211;;;;;1312;"C";1;13;131
3211;;;;;1313;"C";1;13;131
3211;;;;;1399;"C";1;13;139
3211;;;;;1709;"C";1;17;170
3211;;;;;2030;"C";2;20;203
3211;;;;;2310;"C";2;23;231
3211;;;;;3313;"C";3;33;331
3211;;;;;3319;"C";3;33;331
3211;;;;;8020;"N";8;80;802
3211;;;;;8130;"N";8;81;813
3211;;;;;9512;"S";9;95;951
3211;;;;;9521;"S";9;95;952
3211;;;;;9522;"S";9;95;952
3211;;;;;9523;"S";9;95;952
3211;;;;;9524;"S";9;95;952
3211;;;;;9529;"S";9;95;952
3212;;;;;1392;"C";1;13;139
3212;;;;;2220;"C";2;22;222
3212;;;;;2610;"C";2;26;261
3212;;;;;2733;"C";2;27;273
3212;;;;;3250;"C";3;32;325
3212;;;;;3290;"C";3;32;329
3212;;;;;3314;"C";3;33;331
3212;;;;;3319;"C";3;33;331
3213;;;;;1391;"C";1;13;139
3213;;;;;1430;"C";1;14;143
3214;;;;;1393;"C";1;13;139
3214;;;;;1629;"C";1;16;162
3214;;;;;3290;"C";3;32;329
3214;;;;;3319;"C";3;33;331
3215;;;;;1394;"C";1;13;139
3215;;;;;3319;"C";3;33;331
3219;;;;;1313;"C";1;13;131
3219;;;;;1399;"C";1;13;139
3219;;;;;1420;"C";1;14;142
3219;;;;;1511;"C";1;15;151
3219;;;;;1512;"C";1;15;151
3219;;;;;1629;"C";1;16;162
3219;;;;;1709;"C";1;17;170
3219;;;;;2029;"C";2;20;202
3219;;;;;2219;"C";2;22;221
3219;;;;;2220;"C";2;22;222
3219;;;;;2599;"C";2;25;259
3219;;;;;2829;"C";2;28;282
3219;;;;;3092;"C";3;30;309
3219;;;;;3212;"C";3;32;321
3219;;;;;3290;"C";3;32;329
3219;;;;;3312;"C";3;33;331
3219;;;;;3830;"E";3;38;383
3220;"D";3;32;322;1313;"C";1;13;131
3220;"D";3;32;322;1410;"C";1;14;141
3220;"D";3;32;322;1420;"C";1;14;142
3220;"D";3;32;322;1511;"C";1;15;151
3220;"D";3;32;322;3290;"C";3;32;329
3231;;;;;1511;"C";1;15;151
3232;;;;;1420;"C";1;14;142
3232;;;;;1511;"C";1;15;151
3233;;;;;1399;"C";1;13;139
3233;;;;;1512;"C";1;15;151
3233;;;;;1629;"C";1;16;162
3233;;;;;1709;"C";1;17;170
3233;;;;;2029;"C";2;20;202
3233;;;;;2219;"C";2;22;221
3233;;;;;2220;"C";2;22;222
3233;;;;;2599;"C";2;25;259
3233;;;;;2829;"C";2;28;282
3233;;;;;3092;"C";3;30;309
3233;;;;;3212;"C";3;32;321
3233;;;;;3290;"C";3;32;329
3233;;;;;3312;"C";3;33;331
3240;;;;;1512;"C";1;15;151
3240;;;;;1520;"C";1;15;152
3240;;;;;1629;"C";1;16;162
3240;;;;;2219;"C";2;22;221
3240;;;;;2220;"C";2;22;222
3240;;;;;2599;"C";2;25;259
3240;;;;;2817;"C";2;28;281
3240;;;;;3230;"C";3;32;323
3240;;;;;3290;"C";3;32;329
3240;;;;;3311;"C";3;33;331
3311;"D";3;33;331;1610;"C";1;16;161
3311;"D";3;33;331;1621;"C";1;16;162
3311;"D";3;33;331;1622;"C";1;16;162
3311;"D";3;33;331;1623;"C";1;16;162
3311;"D";3;33;331;3319;"C";3;33;331
3312;"D";3;33;331;1623;"C";1;16;162
3312;"D";3;33;331;1629;"C";1;16;162
3312;"D";3;33;331;3290;"C";3;32;329
3312;"D";3;33;331;3319;"C";3;33;331
3319;;;;;1399;"C";1;13;139
3319;;;;;1512;"C";1;15;151
3319;;;;;1520;"C";1;15;152
3319;;;;;1610;"C";1;16;161
3319;;;;;1629;"C";1;16;162
3319;;;;;1709;"C";1;17;170
3319;;;;;2029;"C";2;20;202
3319;;;;;2219;"C";2;22;221
3319;;;;;2220;"C";2;22;222
3319;;;;;2599;"C";2;25;259
3319;;;;;2829;"C";2;28;282
3319;;;;;3092;"C";3;30;309
3319;;;;;3212;"C";3;32;321
3319;;;;;3230;"C";3;32;323
3319;;;;;3290;"C";3;32;329
3319;;;;;3312;"C";3;33;331
3319;;;;;3319;"C";3;33;331
3320;"D";3;33;332;1392;"C";1;13;139
3320;"D";3;33;332;1399;"C";1;13;139
3320;"D";3;33;332;1512;"C";1;15;151
3320;"D";3;33;332;1629;"C";1;16;162
3320;"D";3;33;332;1709;"C";1;17;170
3320;"D";3;33;332;2029;"C";2;20;202
3320;"D";3;33;332;2219;"C";2;22;221
3320;"D";3;33;332;2220;"C";2;22;222
3320;"D";3;33;332;2599;"C";2;25;259
3320;"D";3;33;332;2817;"C";2;28;281
3320;"D";3;33;332;2829;"C";2;28;282
3320;"D";3;33;332;2930;"C";2;29;293
3320;"D";3;33;332;3011;"C";3;30;301
3320;"D";3;33;332;3020;"C";3;30;302
3320;"D";3;33;332;3030;"C";3;30;303
3320;"D";3;33;332;3092;"C";3;30;309
3320;"D";3;33;332;3100;"C";3;31;310
3320;"D";3;33;332;3212;"C";3;32;321
3320;"D";3;33;332;3250;"C";3;32;325
3320;"D";3;33;332;3290;"C";3;32;329
3320;"D";3;33;332;3312;"C";3;33;331
3320;"D";3;33;332;3319;"C";3;33;331
3320;"D";3;33;332;9524;"S";9;95;952
3411;;;;;1312;"C";1;13;131
3411;;;;;1621;"C";1;16;162
3411;;;;;1701;"C";1;17;170
3411;;;;;1702;"C";1;17;170
3411;;;;;2399;"C";2;23;239
3411;;;;;3290;"C";3;32;329
3411;;;;;3319;"C";3;33;331
3412;;;;;1702;"C";1;17;170
3412;;;;;1709;"C";1;17;170
3412;;;;;1811;"C";1;18;181
3412;;;;;2220;"C";2;22;222
3419;;;;;1512;"C";1;15;151
3419;;;;;1520;"C";1;15;152
3419;;;;;1629;"C";1;16;162
3419;;;;;1701;"C";1;17;170
3419;;;;;1709;"C";1;17;170
3419;;;;;1811;"C";1;18;181
3419;;;;;2219;"C";2;22;221
3419;;;;;2220;"C";2;22;222
3419;;;;;3230;"C";3;32;323
3420;"D";3;34;342;1709;"C";1;17;170
3420;"D";3;34;342;1811;"C";1;18;181
3420;"D";3;34;342;1812;"C";1;18;181
3420;"D";3;34;342;2220;"C";2;22;222
3420;"D";3;34;342;3290;"C";3;32;329
3420;"D";3;34;342;5811;"J";5;58;581
3420;"D";3;34;342;5812;"J";5;58;581
3420;"D";3;34;342;5813;"J";5;58;581
3420;"D";3;34;342;5819;"J";5;58;581
3420;"D";3;34;342;5920;"J";5;59;592
3511;"D";3;35;351;1079;"C";1;10;107
3511;"D";3;35;351;1910;"C";1;19;191
3511;"D";3;35;351;2011;"C";2;20;201
3511;"D";3;35;351;2012;"C";2;20;201
3511;"D";3;35;351;2029;"C";2;20;202
3511;"D";3;35;351;2100;"C";2;21;210
3511;"D";3;35;351;2420;"C";2;24;242
3511;"D";3;35;351;2610;"C";2;26;261
3511;"D";3;35;351;2680;"C";2;26;268
3511;"D";3;35;351;2817;"C";2;28;281
3511;"D";3;35;351;3812;"E";3;38;381
3511;"D";3;35;351;3821;"E";3;38;382
3511;"D";3;35;351;3822;"E";3;38;382
3512;"D";3;35;351;2012;"C";2;20;201
3512;"D";3;35;351;2021;"C";2;20;202
3512;"D";3;35;351;3821;"E";3;38;382
3513;;;;;2013;"C";2;20;201
3513;;;;;2030;"C";2;20;203
3513;;;;;2219;"C";2;22;221
3513;;;;;2220;"C";2;22;222
3513;;;;;2610;"C";2;26;261
3513;;;;;2733;"C";2;27;273
3513;;;;;2812;"C";2;28;281
3513;;;;;3290;"C";3;32;329
3513;;;;;3314;"C";3;33;331
3513;;;;;3319;"C";3;33;331
3521;;;;;2022;"C";2;20;202
3522;;;;;2100;"C";2;21;210
3522;;;;;3250;"C";3;32;325
3523;;;;;2023;"C";2;20;202
3529;;;;;1079;"C";1;10;107
3529;;;;;1399;"C";1;13;139
3529;;;;;1512;"C";1;15;151
3529;;;;;1629;"C";1;16;162
3529;;;;;1709;"C";1;17;170
3529;;;;;2011;"C";2;20;201
3529;;;;;2022;"C";2;20;202
3529;;;;;2023;"C";2;20;202
3529;;;;;2029;"C";2;20;202
3529;;;;;2219;"C";2;22;221
3529;;;;;2220;"C";2;22;222
3529;;;;;2520;"C";2;25;252
3529;;;;;2599;"C";2;25;259
3529;;;;;2610;"C";2;26;261
3529;;;;;2680;"C";2;26;268
3529;;;;;2817;"C";2;28;281
3529;;;;;2829;"C";2;28;282
3529;;;;;3030;"C";3;30;303
3529;;;;;3040;"C";3;30;304
3529;;;;;3092;"C";3;30;309
3529;;;;;3212;"C";3;32;321
3529;;;;;3290;"C";3;32;329
3529;;;;;3311;"C";3;33;331
3529;;;;;3312;"C";3;33;331
3530;"D";3;35;353;1920;"C";1;19;192
3540;;;;;510;"B";0;5;51
3540;;;;;520;"B";0;5;52
3540;;;;;990;"B";0;9;99
3540;;;;;1312;"C";1;13;131
3540;;;;;1399;"C";1;13;139
3540;;;;;1512;"C";1;15;151
3540;;;;;1629;"C";1;16;162
3540;;;;;1709;"C";1;17;170
3540;;;;;1910;"C";1;19;191
3540;;;;;1920;"C";1;19;192
3540;;;;;2029;"C";2;20;202
3540;;;;;2219;"C";2;22;221
3540;;;;;2220;"C";2;22;222
3540;;;;;2399;"C";2;23;239
3540;;;;;2599;"C";2;25;259
3540;;;;;2829;"C";2;28;282
3540;;;;;3092;"C";3;30;309
3540;;;;;3212;"C";3;32;321
3540;;;;;3290;"C";3;32;329
3540;;;;;3312;"C";3;33;331
3540;;;;;3319;"C";3;33;331
3551;;;;;2211;"C";2;22;221
3551;;;;;2219;"C";2;22;221
3551;;;;;2220;"C";2;22;222
3551;;;;;2812;"C";2;28;281
3551;;;;;3290;"C";3;32;329
3551;;;;;3319;"C";3;33;331
3559;;;;;1079;"C";1;10;107
3559;;;;;1512;"C";1;15;151
3559;;;;;1520;"C";1;15;152
3559;;;;;1629;"C";1;16;162
3559;;;;;2011;"C";2;20;201
3559;;;;;2029;"C";2;20;202
3559;;;;;2219;"C";2;22;221
3559;;;;;2220;"C";2;22;222
3559;;;;;2610;"C";2;26;261
3559;;;;;2640;"C";2;26;264
3559;;;;;2680;"C";2;26;268
3559;;;;;2720;"C";2;27;272
3559;;;;;2812;"C";2;28;281
3559;;;;;2817;"C";2;28;281
3559;;;;;2829;"C";2;28;282
3559;;;;;3011;"C";3;30;301
3559;;;;;3012;"C";3;30;301
3559;;;;;3230;"C";3;32;323
3559;;;;;3240;"C";3;32;324
3559;;;;;3290;"C";3;32;329
3559;;;;;3312;"C";3;33;331
3559;;;;;3314;"C";3;33;331
3559;;;;;3315;"C";3;33;331
3559;;;;;3319;"C";3;33;331
3559;;;;;3830;"E";3;38;383
3560;;;;;1079;"C";1;10;107
3560;;;;;1392;"C";1;13;139
3560;;;;;1399;"C";1;13;139
3560;;;;;1512;"C";1;15;151
3560;;;;;1520;"C";1;15;152
3560;;;;;1629;"C";1;16;162
3560;;;;;1709;"C";1;17;170
3560;;;;;2011;"C";2;20;201
3560;;;;;2029;"C";2;20;202
3560;;;;;2219;"C";2;22;221
3560;;;;;2220;"C";2;22;222
3560;;;;;2599;"C";2;25;259
3560;;;;;2610;"C";2;26;261
3560;;;;;2680;"C";2;26;268
3560;;;;;2720;"C";2;27;272
3560;;;;;2733;"C";2;27;273
3560;;;;;2811;"C";2;28;281
3560;;;;;2817;"C";2;28;281
3560;;;;;2829;"C";2;28;282
3560;;;;;2930;"C";2;29;293
3560;;;;;3011;"C";3;30;301
3560;;;;;3020;"C";3;30;302
3560;;;;;3030;"C";3;30;303
3560;;;;;3092;"C";3;30;309
3560;;;;;3100;"C";3;31;310
3560;;;;;3212;"C";3;32;321
3560;;;;;3230;"C";3;32;323
3560;;;;;3290;"C";3;32;329
3560;;;;;3312;"C";3;33;331
3560;;;;;3314;"C";3;33;331
3560;;;;;3319;"C";3;33;331
3560;;;;;3830;"E";3;38;383
3560;;;;;9524;"S";9;95;952
3610;"D";3;36;361;2392;"C";2;23;239
3610;"D";3;36;361;2393;"C";2;23;239
3620;;;;;2310;"C";2;23;231
3620;;;;;2599;"C";2;25;259
3620;;;;;2630;"C";2;26;263
3620;;;;;2651;"C";2;26;265
3620;;;;;2733;"C";2;27;273
3620;;;;;2740;"C";2;27;274
3620;;;;;2790;"C";2;27;279
3620;;;;;2822;"C";2;28;282
3620;;;;;2930;"C";2;29;293
3620;;;;;3020;"C";3;30;302
3620;;;;;3313;"C";3;33;331
3620;;;;;3314;"C";3;33;331
3620;;;;;3319;"C";3;33;331
3691;"D";3;36;369;2391;"C";2;23;239
3691;"D";3;36;369;2392;"C";2;23;239
3692;"D";3;36;369;2394;"C";2;23;239
3699;"D";3;36;369;892;"B";0;8;89
3699;"D";3;36;369;990;"B";0;9;99
3699;"D";3;36;369;1312;"C";1;13;131
3699;"D";3;36;369;1399;"C";1;13;139
3699;"D";3;36;369;1512;"C";1;15;151
3699;"D";3;36;369;1629;"C";1;16;162
3699;"D";3;36;369;1709;"C";1;17;170
3699;"D";3;36;369;2029;"C";2;20;202
3699;"D";3;36;369;2219;"C";2;22;221
3699;"D";3;36;369;2220;"C";2;22;222
3699;"D";3;36;369;2310;"C";2;23;231
3699;"D";3;36;369;2391;"C";2;23;239
3699;"D";3;36;369;2395;"C";2;23;239
3699;"D";3;36;369;2396;"C";2;23;239
3699;"D";3;36;369;2399;"C";2;23;239
3699;"D";3;36;369;2420;"C";2;24;242
3699;"D";3;36;369;2599;"C";2;25;259
3699;"D";3;36;369;2630;"C";2;26;263
3699;"D";3;36;369;2651;"C";2;26;265
3699;"D";3;36;369;2733;"C";2;27;273
3699;"D";3;36;369;2740;"C";2;27;274
3699;"D";3;36;369;2790;"C";2;27;279
3699;"D";3;36;369;2822;"C";2;28;282
3699;"D";3;36;369;2829;"C";2;28;282
3699;"D";3;36;369;2930;"C";2;29;293
3699;"D";3;36;369;3020;"C";3;30;302
3699;"D";3;36;369;3092;"C";3;30;309
3699;"D";3;36;369;3212;"C";3;32;321
3699;"D";3;36;369;3290;"C";3;32;329
3699;"D";3;36;369;3312;"C";3;33;331
3699;"D";3;36;369;3313;"C";3;33;331
3699;"D";3;36;369;3314;"C";3;33;331
3699;"D";3;36;369;3319;"C";3;33;331
3710;"D";3;37;371;162;"A";0;1;16
3710;"D";3;37;371;1811;"C";1;18;181
3710;"D";3;37;371;2410;"C";2;24;241
3710;"D";3;37;371;2431;"C";2;24;243
3710;"D";3;37;371;2591;"C";2;25;259
3710;"D";3;37;371;2592;"C";2;25;259
3710;"D";3;37;371;3020;"C";3;30;302
3710;"D";3;37;371;3311;"C";3;33;331
3710;"D";3;37;371;3315;"C";3;33;331
3710;"D";3;37;371;3830;"E";3;38;383
3720;"D";3;37;372;162;"A";0;1;16
3720;"D";3;37;372;1811;"C";1;18;181
3720;"D";3;37;372;2420;"C";2;24;242
3720;"D";3;37;372;2432;"C";2;24;243
3720;"D";3;37;372;2591;"C";2;25;259
3720;"D";3;37;372;2592;"C";2;25;259
3720;"D";3;37;372;3311;"C";3;33;331
3720;"D";3;37;372;3830;"E";3;38;383
3811;;;;;1399;"C";1;13;139
3811;;;;;1512;"C";1;15;151
3811;;;;;1629;"C";1;16;162
3811;;;;;1709;"C";1;17;170
3811;;;;;2029;"C";2;20;202
3811;;;;;2219;"C";2;22;221
3811;;;;;2220;"C";2;22;222
3811;;;;;2591;"C";2;25;259
3811;;;;;2593;"C";2;25;259
3811;;;;;2599;"C";2;25;259
3811;;;;;2816;"C";2;28;281
3811;;;;;2817;"C";2;28;281
3811;;;;;2821;"C";2;28;282
3811;;;;;2829;"C";2;28;282
3811;;;;;3092;"C";3;30;309
3811;;;;;3212;"C";3;32;321
3811;;;;;3290;"C";3;32;329
3811;;;;;3311;"C";3;33;331
3811;;;;;3312;"C";3;33;331
3811;;;;;3320;"C";3;33;332
3812;;;;;2219;"C";2;22;221
3812;;;;;2220;"C";2;22;222
3812;;;;;2599;"C";2;25;259
3812;;;;;2660;"C";2;26;266
3812;;;;;2740;"C";2;27;274
3812;;;;;2790;"C";2;27;279
3812;;;;;2817;"C";2;28;281
3812;;;;;2930;"C";2;29;293
3812;;;;;3011;"C";3;30;301
3812;;;;;3020;"C";3;30;302
3812;;;;;3030;"C";3;30;303
3812;;;;;3100;"C";3;31;310
3812;;;;;3250;"C";3;32;325
3812;;;;;3290;"C";3;32;329
3812;;;;;3311;"C";3;33;331
3812;;;;;3313;"C";3;33;331
3812;;;;;3314;"C";3;33;331
3812;;;;;3319;"C";3;33;331
3812;;;;;3320;"C";3;33;332
3812;;;;;9524;"S";9;95;952
3813;;;;;2511;"C";2;25;251
3813;;;;;2512;"C";2;25;251
3813;;;;;2513;"C";2;25;251
3813;;;;;2599;"C";2;25;259
3813;;;;;2750;"C";2;27;275
3813;;;;;2815;"C";2;28;281
3813;;;;;2817;"C";2;28;281
3813;;;;;2819;"C";2;28;281
3813;;;;;2920;"C";2;29;292
3813;;;;;3011;"C";3;30;301
3813;;;;;3290;"C";3;32;329
3813;;;;;3311;"C";3;33;331
3813;;;;;3315;"C";3;33;331
3813;;;;;3320;"C";3;33;332
3819;;;;;162;"A";0;1;16
3819;;;;;1399;"C";1;13;139
3819;;;;;1512;"C";1;15;151
3819;;;;;1629;"C";1;16;162
3819;;;;;1709;"C";1;17;170
3819;;;;;1811;"C";1;18;181
3819;;;;;2029;"C";2;20;202
3819;;;;;2219;"C";2;22;221
3819;;;;;2220;"C";2;22;222
3819;;;;;2410;"C";2;24;241
3819;;;;;2420;"C";2;24;242
3819;;;;;2431;"C";2;24;243
3819;;;;;2512;"C";2;25;251
3819;;;;;2591;"C";2;25;259
3819;;;;;2592;"C";2;25;259
3819;;;;;2593;"C";2;25;259
3819;;;;;2599;"C";2;25;259
3819;;;;;2630;"C";2;26;263
3819;;;;;2651;"C";2;26;265
3819;;;;;2733;"C";2;27;273
3819;;;;;2740;"C";2;27;274
3819;;;;;2750;"C";2;27;275
3819;;;;;2790;"C";2;27;279
3819;;;;;2811;"C";2;28;281
3819;;;;;2812;"C";2;28;281
3819;;;;;2813;"C";2;28;281
3819;;;;;2815;"C";2;28;281
3819;;;;;2817;"C";2;28;281
3819;;;;;2819;"C";2;28;281
3819;;;;;2821;"C";2;28;282
3819;;;;;2822;"C";2;28;282
3819;;;;;2826;"C";2;28;282
3819;;;;;2829;"C";2;28;282
3819;;;;;2930;"C";2;29;293
3819;;;;;3020;"C";3;30;302
3819;;;;;3092;"C";3;30;309
3819;;;;;3212;"C";3;32;321
3819;;;;;3250;"C";3;32;325
3819;;;;;3290;"C";3;32;329
3819;;;;;3311;"C";3;33;331
3819;;;;;3312;"C";3;33;331
3819;;;;;3313;"C";3;33;331
3819;;;;;3314;"C";3;33;331
3819;;;;;3320;"C";3;33;332
3819;;;;;8020;"N";8;80;802
3819;;;;;9512;"S";9;95;951
3819;;;;;9521;"S";9;95;952
3819;;;;;9522;"S";9;95;952
3819;;;;;9523;"S";9;95;952
3819;;;;;9524;"S";9;95;952
3819;;;;;9529;"S";9;95;952
3821;;;;;2811;"C";2;28;281
3821;;;;;3312;"C";3;33;331
3821;;;;;3320;"C";3;33;332
3822;;;;;2790;"C";2;27;279
3822;;;;;2811;"C";2;28;281
3822;;;;;2812;"C";2;28;281
3822;;;;;2813;"C";2;28;281
3822;;;;;2816;"C";2;28;281
3822;;;;;2818;"C";2;28;281
3822;;;;;2819;"C";2;28;281
3822;;;;;2821;"C";2;28;282
3822;;;;;2822;"C";2;28;282
3822;;;;;3312;"C";3;33;331
3822;;;;;3314;"C";3;33;331
3822;;;;;3320;"C";3;33;332
3823;;;;;2593;"C";2;25;259
3823;;;;;2651;"C";2;26;265
3823;;;;;2670;"C";2;26;267
3823;;;;;2790;"C";2;27;279
3823;;;;;2818;"C";2;28;281
3823;;;;;2819;"C";2;28;281
3823;;;;;2822;"C";2;28;282
3823;;;;;2823;"C";2;28;282
3823;;;;;2826;"C";2;28;282
3823;;;;;2829;"C";2;28;282
3823;;;;;3250;"C";3;32;325
3823;;;;;3311;"C";3;33;331
3823;;;;;3312;"C";3;33;331
3823;;;;;3313;"C";3;33;331
3823;;;;;3314;"C";3;33;331
3823;;;;;3319;"C";3;33;331
3823;;;;;3320;"C";3;33;332
3824;;;;;2513;"C";2;25;251
3824;;;;;2593;"C";2;25;259
3824;;;;;2599;"C";2;25;259
3824;;;;;2630;"C";2;26;263
3824;;;;;2651;"C";2;26;265
3824;;;;;2733;"C";2;27;273
3824;;;;;2740;"C";2;27;274
3824;;;;;2790;"C";2;27;279
3824;;;;;2811;"C";2;28;281
3824;;;;;2812;"C";2;28;281
3824;;;;;2813;"C";2;28;281
3824;;;;;2815;"C";2;28;281
3824;;;;;2816;"C";2;28;281
3824;;;;;2818;"C";2;28;281
3824;;;;;2819;"C";2;28;281
3824;;;;;2822;"C";2;28;282
3824;;;;;2823;"C";2;28;282
3824;;;;;2824;"C";2;28;282
3824;;;;;2825;"C";2;28;282
3824;;;;;2826;"C";2;28;282
3824;;;;;2829;"C";2;28;282
3824;;;;;2930;"C";2;29;293
3824;;;;;3011;"C";3;30;301
3824;;;;;3020;"C";3;30;302
3824;;;;;3250;"C";3;32;325
3824;;;;;3311;"C";3;33;331
3824;;;;;3312;"C";3;33;331
3824;;;;;3313;"C";3;33;331
3824;;;;;3314;"C";3;33;331
3824;;;;;3315;"C";3;33;331
3824;;;;;3320;"C";3;33;332
3825;;;;;2610;"C";2;26;261
3825;;;;;2620;"C";2;26;262
3825;;;;;2817;"C";2;28;281
3825;;;;;2819;"C";2;28;281
3825;;;;;3250;"C";3;32;325
3825;;;;;3312;"C";3;33;331
3825;;;;;3320;"C";3;33;332
3825;;;;;9511;"S";9;95;951
3829;;;;;162;"A";0;1;16
3829;;;;;1399;"C";1;13;139
3829;;;;;1512;"C";1;15;151
3829;;;;;1629;"C";1;16;162
3829;;;;;1709;"C";1;17;170
3829;;;;;1811;"C";1;18;181
3829;;;;;2029;"C";2;20;202
3829;;;;;2219;"C";2;22;221
3829;;;;;2220;"C";2;22;222
3829;;;;;2520;"C";2;25;252
3829;;;;;2592;"C";2;25;259
3829;;;;;2593;"C";2;25;259
3829;;;;;2599;"C";2;25;259
3829;;;;;2630;"C";2;26;263
3829;;;;;2640;"C";2;26;264
3829;;;;;2651;"C";2;26;265
3829;;;;;2660;"C";2;26;266
3829;;;;;2733;"C";2;27;273
3829;;;;;2740;"C";2;27;274
3829;;;;;2750;"C";2;27;275
3829;;;;;2790;"C";2;27;279
3829;;;;;2811;"C";2;28;281
3829;;;;;2812;"C";2;28;281
3829;;;;;2813;"C";2;28;281
3829;;;;;2814;"C";2;28;281
3829;;;;;2815;"C";2;28;281
3829;;;;;2816;"C";2;28;281
3829;;;;;2817;"C";2;28;281
3829;;;;;2818;"C";2;28;281
3829;;;;;2819;"C";2;28;281
3829;;;;;2822;"C";2;28;282
3829;;;;;2824;"C";2;28;282
3829;;;;;2826;"C";2;28;282
3829;;;;;2829;"C";2;28;282
3829;;;;;2920;"C";2;29;292
3829;;;;;2930;"C";2;29;293
3829;;;;;3020;"C";3;30;302
3829;;;;;3030;"C";3;30;303
3829;;;;;3040;"C";3;30;304
3829;;;;;3092;"C";3;30;309
3829;;;;;3099;"C";3;30;309
3829;;;;;3100;"C";3;31;310
3829;;;;;3212;"C";3;32;321
3829;;;;;3240;"C";3;32;324
3829;;;;;3250;"C";3;32;325
3829;;;;;3290;"C";3;32;329
3829;;;;;3311;"C";3;33;331
3829;;;;;3312;"C";3;33;331
3829;;;;;3313;"C";3;33;331
3829;;;;;3314;"C";3;33;331
3829;;;;;3315;"C";3;33;331
3829;;;;;3319;"C";3;33;331
3829;;;;;3320;"C";3;33;332
3831;;;;;2599;"C";2;25;259
3831;;;;;2610;"C";2;26;261
3831;;;;;2630;"C";2;26;263
3831;;;;;2651;"C";2;26;265
3831;;;;;2710;"C";2;27;271
3831;;;;;2733;"C";2;27;273
3831;;;;;2740;"C";2;27;274
3831;;;;;2790;"C";2;27;279
3831;;;;;2811;"C";2;28;281
3831;;;;;2818;"C";2;28;281
3831;;;;;2819;"C";2;28;281
3831;;;;;2822;"C";2;28;282
3831;;;;;2930;"C";2;29;293
3831;;;;;3020;"C";3;30;302
3831;;;;;3312;"C";3;33;331
3831;;;;;3313;"C";3;33;331
3831;;;;;3314;"C";3;33;331
3831;;;;;3315;"C";3;33;331
3831;;;;;3320;"C";3;33;332
3832;;;;;1820;"C";1;18;182
3832;;;;;2599;"C";2;25;259
3832;;;;;2610;"C";2;26;261
3832;;;;;2630;"C";2;26;263
3832;;;;;2640;"C";2;26;264
3832;;;;;2651;"C";2;26;265
3832;;;;;2660;"C";2;26;266
3832;;;;;2670;"C";2;26;267
3832;;;;;2710;"C";2;27;271
3832;;;;;2733;"C";2;27;273
3832;;;;;2740;"C";2;27;274
3832;;;;;2790;"C";2;27;279
3832;;;;;2811;"C";2;28;281
3832;;;;;2817;"C";2;28;281
3832;;;;;2819;"C";2;28;281
3832;;;;;2822;"C";2;28;282
3832;;;;;2829;"C";2;28;282
3832;;;;;2930;"C";2;29;293
3832;;;;;3020;"C";3;30;302
3832;;;;;3250;"C";3;32;325
3832;;;;;3290;"C";3;32;329
3832;;;;;3312;"C";3;33;331
3832;;;;;3313;"C";3;33;331
3832;;;;;3314;"C";3;33;331
3832;;;;;3319;"C";3;33;331
3832;;;;;3320;"C";3;33;332
3832;;;;;5920;"J";5;59;592
3832;;;;;9512;"S";9;95;951
3832;;;;;9521;"S";9;95;952
3833;;;;;2750;"C";2;27;275
3833;;;;;2815;"C";2;28;281
3833;;;;;2819;"C";2;28;281
3839;;;;;2599;"C";2;25;259
3839;;;;;2610;"C";2;26;261
3839;;;;;2630;"C";2;26;263
3839;;;;;2651;"C";2;26;265
3839;;;;;2710;"C";2;27;271
3839;;;;;2720;"C";2;27;272
3839;;;;;2731;"C";2;27;273
3839;;;;;2732;"C";2;27;273
3839;;;;;2733;"C";2;27;273
3839;;;;;2740;"C";2;27;274
3839;;;;;2790;"C";2;27;279
3839;;;;;2822;"C";2;28;282
3839;;;;;2930;"C";2;29;293
3839;;;;;3020;"C";3;30;302
3839;;;;;3313;"C";3;33;331
3839;;;;;3314;"C";3;33;331
3841;;;;;2811;"C";2;28;281
3841;;;;;2816;"C";2;28;281
3841;;;;;3011;"C";3;30;301
3841;;;;;3012;"C";3;30;301
3841;;;;;3312;"C";3;33;331
3841;;;;;3315;"C";3;33;331
3841;;;;;3320;"C";3;33;332
3842;;;;;3020;"C";3;30;302
3842;;;;;3315;"C";3;33;331
3843;;;;;1392;"C";1;13;139
3843;;;;;2599;"C";2;25;259
3843;;;;;2630;"C";2;26;263
3843;;;;;2651;"C";2;26;265
3843;;;;;2733;"C";2;27;273
3843;;;;;2740;"C";2;27;274
3843;;;;;2790;"C";2;27;279
3843;;;;;2811;"C";2;28;281
3843;;;;;2812;"C";2;28;281
3843;;;;;2813;"C";2;28;281
3843;;;;;2822;"C";2;28;282
3843;;;;;2910;"C";2;29;291
3843;;;;;2920;"C";2;29;292
3843;;;;;2930;"C";2;29;293
3843;;;;;3020;"C";3;30;302
3843;;;;;3092;"C";3;30;309
3843;;;;;3311;"C";3;33;331
3843;;;;;3312;"C";3;33;331
3843;;;;;3313;"C";3;33;331
3843;;;;;3314;"C";3;33;331
3843;;;;;3320;"C";3;33;332
3844;;;;;2811;"C";2;28;281
3844;;;;;3091;"C";3;30;309
3844;;;;;3092;"C";3;30;309
3845;;;;;2811;"C";2;28;281
3845;;;;;2829;"C";2;28;282
3845;;;;;3011;"C";3;30;301
3845;;;;;3030;"C";3;30;303
3845;;;;;3315;"C";3;33;331
3849;;;;;1399;"C";1;13;139
3849;;;;;1512;"C";1;15;151
3849;;;;;1629;"C";1;16;162
3849;;;;;1709;"C";1;17;170
3849;;;;;2029;"C";2;20;202
3849;;;;;2219;"C";2;22;221
3849;;;;;2220;"C";2;22;222
3849;;;;;2599;"C";2;25;259
3849;;;;;2816;"C";2;28;281
3849;;;;;2829;"C";2;28;282
3849;;;;;3092;"C";3;30;309
3849;;;;;3099;"C";3;30;309
3849;;;;;3100;"C";3;31;310
3849;;;;;3212;"C";3;32;321
3849;;;;;3290;"C";3;32;329
3849;;;;;3312;"C";3;33;331
3849;;;;;3315;"C";3;33;331
3851;;;;;1313;"C";1;13;131
3851;;;;;1399;"C";1;13;139
3851;;;;;1709;"C";1;17;170
3851;;;;;2100;"C";2;21;210
3851;;;;;2219;"C";2;22;221
3851;;;;;2220;"C";2;22;222
3851;;;;;2593;"C";2;25;259
3851;;;;;2599;"C";2;25;259
3851;;;;;2630;"C";2;26;263
3851;;;;;2651;"C";2;26;265
3851;;;;;2660;"C";2;26;266
3851;;;;;2670;"C";2;26;267
3851;;;;;2733;"C";2;27;273
3851;;;;;2740;"C";2;27;274
3851;;;;;2790;"C";2;27;279
3851;;;;;2812;"C";2;28;281
3851;;;;;2815;"C";2;28;281
3851;;;;;2819;"C";2;28;281
3851;;;;;2822;"C";2;28;282
3851;;;;;2826;"C";2;28;282
3851;;;;;2829;"C";2;28;282
3851;;;;;2930;"C";2;29;293
3851;;;;;3020;"C";3;30;302
3851;;;;;3250;"C";3;32;325
3851;;;;;3290;"C";3;32;329
3851;;;;;3311;"C";3;33;331
3851;;;;;3312;"C";3;33;331
3851;;;;;3313;"C";3;33;331
3851;;;;;3314;"C";3;33;331
3851;;;;;3319;"C";3;33;331
3851;;;;;3320;"C";3;33;332
3852;;;;;2610;"C";2;26;261
3852;;;;;2620;"C";2;26;262
3852;;;;;2651;"C";2;26;265
3852;;;;;2660;"C";2;26;266
3852;;;;;2670;"C";2;26;267
3852;;;;;2731;"C";2;27;273
3852;;;;;2817;"C";2;28;281
3852;;;;;2819;"C";2;28;281
3852;;;;;2829;"C";2;28;282
3852;;;;;3250;"C";3;32;325
3852;;;;;3290;"C";3;32;329
3852;;;;;3313;"C";3;33;331
3852;;;;;3319;"C";3;33;331
3852;;;;;3320;"C";3;33;332
3853;;;;;2652;"C";2;26;265
3853;;;;;3211;"C";3;32;321
3853;;;;;3212;"C";3;32;321
3853;;;;;3319;"C";3;33;331
3901;;;;;162;"A";0;1;16
3901;;;;;1811;"C";1;18;181
3901;;;;;2592;"C";2;25;259
3901;;;;;2599;"C";2;25;259
3901;;;;;2652;"C";2;26;265
3901;;;;;2817;"C";2;28;281
3901;;;;;3211;"C";3;32;321
3901;;;;;3212;"C";3;32;321
3901;;;;;3290;"C";3;32;329
3901;;;;;3311;"C";3;33;331
3901;;;;;3319;"C";3;33;331
3902;;;;;3220;"C";3;32;322
3902;;;;;3319;"C";3;33;331
3903;;;;;2640;"C";2;26;264
3903;;;;;2829;"C";2;28;282
3903;;;;;3220;"C";3;32;322
3903;;;;;3230;"C";3;32;323
3903;;;;;3240;"C";3;32;324
3903;;;;;3290;"C";3;32;329
3903;;;;;3312;"C";3;33;331
3903;;;;;3319;"C";3;33;331
3909;;;;;1313;"C";1;13;131
3909;;;;;1399;"C";1;13;139
3909;;;;;1410;"C";1;14;141
3909;;;;;1512;"C";1;15;151
3909;;;;;1629;"C";1;16;162
3909;;;;;1701;"C";1;17;170
3909;;;;;1709;"C";1;17;170
3909;;;;;1811;"C";1;18;181
3909;;;;;2022;"C";2;20;202
3909;;;;;2029;"C";2;20;202
3909;;;;;2219;"C";2;22;221
3909;;;;;2220;"C";2;22;222
3909;;;;;2599;"C";2;25;259
3909;;;;;2640;"C";2;26;264
3909;;;;;2740;"C";2;27;274
3909;;;;;2790;"C";2;27;279
3909;;;;;2817;"C";2;28;281
3909;;;;;2826;"C";2;28;282
3909;;;;;2829;"C";2;28;282
3909;;;;;3092;"C";3;30;309
3909;;;;;3212;"C";3;32;321
3909;;;;;3240;"C";3;32;324
3909;;;;;3290;"C";3;32;329
3909;;;;;3311;"C";3;33;331
3909;;;;;3312;"C";3;33;331
3909;;;;;3314;"C";3;33;331
3909;;;;;3319;"C";3;33;331
3909;;;;;3320;"C";3;33;332
4101;;;;;3510;"D";3;35;351
4102;;;;;3520;"D";3;35;352
4103;;;;;3530;"D";3;35;353
4200;;;;;3600;"E";3;36;360
5000;;;;;910;"B";0;9;91
5000;;;;;990;"B";0;9;99
5000;;;;;3320;"C";3;33;332
5000;;;;;3900;"E";3;39;390
5000;;;;;4100;"F";4;41;410
5000;;;;;4210;"F";4;42;421
5000;;;;;4220;"F";4;42;422
5000;;;;;4290;"F";4;42;429
5000;;;;;4311;"F";4;43;431
5000;;;;;4312;"F";4;43;431
5000;;;;;4321;"F";4;43;432
5000;;;;;4322;"F";4;43;432
5000;;;;;4329;"F";4;43;432
5000;;;;;4330;"F";4;43;433
5000;;;;;4390;"F";4;43;439
5000;;;;;7110;"M";7;71;711
5000;;;;;7120;"M";7;71;712
5000;;;;;7410;"M";7;74;741
5000;;;;;7490;"M";7;74;749
6100;;;;;3830;"E";3;38;383
6100;;;;;4510;"G";4;45;451
6100;;;;;4530;"G";4;45;453
6100;;;;;4540;"G";4;45;454
6100;;;;;4610;"G";4;46;461
6100;;;;;4620;"G";4;46;462
6100;;;;;4630;"G";4;46;463
6100;;;;;4641;"G";4;46;464
6100;;;;;4649;"G";4;46;464
6100;;;;;4651;"G";4;46;465
6100;;;;;4652;"G";4;46;465
6100;;;;;4653;"G";4;46;465
6100;;;;;4659;"G";4;46;465
6100;;;;;4661;"G";4;46;466
6100;;;;;4662;"G";4;46;466
6100;;;;;4663;"G";4;46;466
6100;;;;;4669;"G";4;46;466
6100;;;;;4690;"G";4;46;469
6200;;;;;4510;"G";4;45;451
6200;;;;;4530;"G";4;45;453
6200;;;;;4540;"G";4;45;454
6200;;;;;4711;"G";4;47;471
6200;;;;;4719;"G";4;47;471
6200;;;;;4721;"G";4;47;472
6200;;;;;4722;"G";4;47;472
6200;;;;;4723;"G";4;47;472
6200;;;;;4730;"G";4;47;473
6200;;;;;4741;"G";4;47;474
6200;;;;;4742;"G";4;47;474
6200;;;;;4751;"G";4;47;475
6200;;;;;4752;"G";4;47;475
6200;;;;;4753;"G";4;47;475
6200;;;;;4759;"G";4;47;475
6200;;;;;4761;"G";4;47;476
6200;;;;;4762;"G";4;47;476
6200;;;;;4763;"G";4;47;476
6200;;;;;4764;"G";4;47;476
6200;;;;;4771;"G";4;47;477
6200;;;;;4772;"G";4;47;477
6200;;;;;4773;"G";4;47;477
6200;;;;;4774;"G";4;47;477
6200;;;;;4781;"G";4;47;478
6200;;;;;4782;"G";4;47;478
6200;;;;;4789;"G";4;47;478
6200;;;;;4791;"G";4;47;479
6200;;;;;4799;"G";4;47;479
6200;;;;;7721;"N";7;77;772
6200;;;;;7722;"N";7;77;772
6200;;;;;7729;"N";7;77;772
6200;;;;;7730;"N";7;77;773
6310;;;;;5610;"I";5;56;561
6310;;;;;5621;"I";5;56;562
6310;;;;;5629;"I";5;56;562
6310;;;;;5630;"I";5;56;563
6320;;;;;5510;"I";5;55;551
6320;;;;;5520;"I";5;55;552
6320;;;;;5590;"I";5;55;559
7111;"K";7;71;711;3315;"C";3;33;331
7111;"K";7;71;711;4911;"H";4;49;491
7111;"K";7;71;711;4912;"H";4;49;491
7111;"K";7;71;711;4921;"H";4;49;492
7111;"K";7;71;711;4922;"H";4;49;492
7111;"K";7;71;711;5221;"H";5;52;522
7111;"K";7;71;711;5222;"H";5;52;522
7111;"K";7;71;711;5223;"H";5;52;522
7111;"K";7;71;711;5510;"I";5;55;551
7111;"K";7;71;711;5520;"I";5;55;552
7111;"K";7;71;711;5590;"I";5;55;559
7111;"K";7;71;711;5610;"I";5;56;561
7111;"K";7;71;711;5621;"I";5;56;562
7111;"K";7;71;711;5629;"I";5;56;562
7111;"K";7;71;711;5630;"I";5;56;563
7112;"K";7;71;711;3315;"C";3;33;331
7112;"K";7;71;711;4520;"G";4;45;452
7112;"K";7;71;711;4921;"H";4;49;492
7112;"K";7;71;711;4922;"H";4;49;492
7112;"K";7;71;711;5221;"H";5;52;522
7112;"K";7;71;711;5222;"H";5;52;522
7112;"K";7;71;711;5223;"H";5;52;522
7113;"K";7;71;711;4921;"H";4;49;492
7113;"K";7;71;711;4922;"H";4;49;492
7114;;;;;3315;"C";3;33;331
7114;;;;;4923;"H";4;49;492
7114;;;;;5221;"H";5;52;522
7114;;;;;5222;"H";5;52;522
7114;;;;;5223;"H";5;52;522
7114;;;;;5320;"H";5;53;532
7115;;;;;4930;"H";4;49;493
7116;;;;;3315;"C";3;33;331
7116;;;;;5221;"H";5;52;522
7116;;;;;5222;"H";5;52;522
7116;;;;;5223;"H";5;52;522
7116;;;;;5224;"H";5;52;522
7116;;;;;7710;"N";7;77;771
7116;;;;;7730;"N";7;77;773
7121;"K";7;71;712;5011;"H";5;50;501
7121;"K";7;71;712;5012;"H";5;50;501
7122;"K";7;71;712;3315;"C";3;33;331
7122;"K";7;71;712;5021;"H";5;50;502
7122;"K";7;71;712;5022;"H";5;50;502
7122;"K";7;71;712;5221;"H";5;52;522
7122;"K";7;71;712;5222;"H";5;52;522
7122;"K";7;71;712;5223;"H";5;52;522
7123;"K";7;71;712;3315;"C";3;33;331
7123;"K";7;71;712;5221;"H";5;52;522
7123;"K";7;71;712;5222;"H";5;52;522
7123;"K";7;71;712;5223;"H";5;52;522
7123;"K";7;71;712;5224;"H";5;52;522
7123;"K";7;71;712;5229;"H";5;52;522
7123;"K";7;71;712;7490;"M";7;74;749
7123;"K";7;71;712;7730;"N";7;77;773
7131;;;;;5110;"H";5;51;511
7131;;;;;5120;"H";5;51;512
7131;;;;;5320;"H";5;53;532
7132;;;;;3315;"C";3;33;331
7132;;;;;5221;"H";5;52;522
7132;;;;;5222;"H";5;52;522
7132;;;;;5223;"H";5;52;522
7132;;;;;5224;"H";5;52;522
7132;;;;;6110;"J";6;61;611
7132;;;;;6120;"J";6;61;612
7132;;;;;6130;"J";6;61;613
7132;;;;;6190;"J";6;61;619
7132;;;;;7730;"N";7;77;773
7191;;;;;3315;"C";3;33;331
7191;;;;;5221;"H";5;52;522
7191;;;;;5222;"H";5;52;522
7191;;;;;5223;"H";5;52;522
7191;;;;;5229;"H";5;52;522
7191;;;;;5320;"H";5;53;532
7191;;;;;7490;"M";7;74;749
7191;;;;;7911;"N";7;79;791
7191;;;;;7912;"N";7;79;791
7191;;;;;7990;"N";7;79;799
7192;;;;;5210;"H";5;52;521
7200;;;;;5310;"H";5;53;531
7200;;;;;6110;"J";6;61;611
7200;;;;;6120;"J";6;61;612
7200;;;;;6130;"J";6;61;613
7200;;;;;6190;"J";6;61;619
7200;;;;;6399;"J";6;63;639
7200;;;;;7310;"M";7;73;731
7200;;;;;7410;"M";7;74;741
7200;;;;;7490;"M";7;74;749
7200;;;;;8211;"N";8;82;821
7200;;;;;8219;"N";8;82;821
7200;;;;;8220;"N";8;82;822
7200;;;;;8230;"N";8;82;823
7200;;;;;8291;"N";8;82;829
7200;;;;;8299;"N";8;82;829
7200;;;;;8550;"P";8;85;855
8101;;;;;6411;"K";6;64;641
8101;;;;;6419;"K";6;64;641
8102;;;;;6419;"K";6;64;641
8102;;;;;6420;"K";6;64;642
8102;;;;;6430;"K";6;64;643
8102;;;;;6491;"K";6;64;649
8102;;;;;6492;"K";6;64;649
8102;;;;;6499;"K";6;64;649
8102;;;;;6612;"K";6;66;661
8102;;;;;6619;"K";6;66;661
8102;;;;;6630;"K";6;66;663
8102;;;;;7740;"N";7;77;774
8102;;;;;9499;"S";9;94;949
8103;;;;;6419;"K";6;64;641
8103;;;;;6420;"K";6;64;642
8103;;;;;6430;"K";6;64;643
8103;;;;;6499;"K";6;64;649
8103;;;;;6611;"K";6;66;661
8103;;;;;6612;"K";6;66;661
8103;;;;;6619;"K";6;66;661
8103;;;;;7740;"N";7;77;774
8103;;;;;9499;"S";9;94;949
8200;;;;;6511;"K";6;65;651
8200;;;;;6512;"K";6;65;651
8200;;;;;6520;"K";6;65;652
8200;;;;;6530;"K";6;65;653
8200;;;;;6621;"K";6;66;662
8200;;;;;6622;"K";6;66;662
8200;;;;;6629;"K";6;66;662
8200;;;;;6630;"K";6;66;663
8310;;;;;4100;"F";4;41;410
8310;;;;;4210;"F";4;42;421
8310;;;;;4220;"F";4;42;422
8310;;;;;4290;"F";4;42;429
8310;;;;;4390;"F";4;43;439
8310;;;;;6810;"L";6;68;681
8310;;;;;6820;"L";6;68;682
8310;;;;;8110;"N";8;81;811
8321;;;;;6910;"M";6;69;691
8322;;;;;6920;"M";6;69;692
8323;;;;;5811;"J";5;58;581
8323;;;;;5812;"J";5;58;581
8323;;;;;5813;"J";5;58;581
8323;;;;;5819;"J";5;58;581
8323;;;;;5820;"J";5;58;582
8323;;;;;5920;"J";5;59;592
8323;;;;;6010;"J";6;60;601
8323;;;;;6020;"J";6;60;602
8323;;;;;6201;"J";6;62;620
8323;;;;;6202;"J";6;62;620
8323;;;;;6209;"J";6;62;620
8323;;;;;6311;"J";6;63;631
8323;;;;;6312;"J";6;63;631
8324;;;;;910;"B";0;9;91
8324;;;;;990;"B";0;9;99
8324;;;;;7110;"M";7;71;711
8324;;;;;7120;"M";7;71;712
8324;;;;;7210;"M";7;72;721
8324;;;;;7220;"M";7;72;722
8324;;;;;7410;"M";7;74;741
8324;;;;;7490;"M";7;74;749
8325;;;;;6399;"J";6;63;639
8325;;;;;7310;"M";7;73;731
8325;;;;;7320;"M";7;73;732
8325;;;;;7410;"M";7;74;741
8325;;;;;7490;"M";7;74;749
8325;;;;;8211;"N";8;82;821
8325;;;;;8219;"N";8;82;821
8325;;;;;8220;"N";8;82;822
8325;;;;;8230;"N";8;82;823
8325;;;;;8291;"N";8;82;829
8325;;;;;8299;"N";8;82;829
8325;;;;;8550;"P";8;85;855
8329;;;;;161;"A";0;1;16
8329;;;;;162;"A";0;1;16
8329;;;;;163;"A";0;1;16
8329;;;;;164;"A";0;1;16
8329;;;;;6391;"J";6;63;639
8329;;;;;6399;"J";6;63;639
8329;;;;;7010;"M";7;70;701
8329;;;;;7020;"M";7;70;702
8329;;;;;7220;"M";7;72;722
8329;;;;;7310;"M";7;73;731
8329;;;;;7410;"M";7;74;741
8329;;;;;7420;"M";7;74;742
8329;;;;;7490;"M";7;74;749
8329;;;;;7810;"N";7;78;781
8329;;;;;7820;"N";7;78;782
8329;;;;;7830;"N";7;78;783
8329;;;;;8010;"N";8;80;801
8329;;;;;8020;"N";8;80;802
8329;;;;;8030;"N";8;80;803
8329;;;;;8130;"N";8;81;813
8329;;;;;8211;"N";8;82;821
8329;;;;;8219;"N";8;82;821
8329;;;;;8220;"N";8;82;822
8329;;;;;8230;"N";8;82;823
8329;;;;;8291;"N";8;82;829
8329;;;;;8292;"N";8;82;829
8329;;;;;8299;"N";8;82;829
8329;;;;;8541;"P";8;85;854
8329;;;;;8550;"P";8;85;855
8329;;;;;9000;"R";9;90;900
8329;;;;;9609;"S";9;96;960
8330;;;;;7721;"N";7;77;772
8330;;;;;7722;"N";7;77;772
8330;;;;;7729;"N";7;77;772
8330;;;;;7730;"N";7;77;773
9100;;;;;6810;"L";6;68;681
9100;;;;;6820;"L";6;68;682
9100;;;;;7120;"M";7;71;712
9100;;;;;7990;"N";7;79;799
9100;;;;;8411;"O";8;84;841
9100;;;;;8412;"O";8;84;841
9100;;;;;8413;"O";8;84;841
9100;;;;;8421;"O";8;84;842
9100;;;;;8422;"O";8;84;842
9100;;;;;8423;"O";8;84;842
9100;;;;;8430;"O";8;84;843
9100;;;;;8890;"Q";8;88;889
9100;;;;;9101;"R";9;91;910
9200;;;;;3700;"E";3;37;370
9200;;;;;3811;"E";3;38;381
9200;;;;;3812;"E";3;38;381
9200;;;;;3821;"E";3;38;382
9200;;;;;3822;"E";3;38;382
9200;;;;;3900;"E";3;39;390
9200;;;;;8121;"N";8;81;812
9200;;;;;8129;"N";8;81;812
9200;;;;;8130;"N";8;81;813
9310;;;;;7990;"N";7;79;799
9310;;;;;8510;"P";8;85;851
9310;;;;;8521;"P";8;85;852
9310;;;;;8522;"P";8;85;852
9310;;;;;8530;"P";8;85;853
9310;;;;;8542;"P";8;85;854
9310;;;;;8549;"P";8;85;854
9310;;;;;8550;"P";8;85;855
9310;;;;;8810;"Q";8;88;881
9310;;;;;8890;"Q";8;88;889
9310;;;;;9000;"R";9;90;900
9310;;;;;9321;"R";9;93;932
9310;;;;;9329;"R";9;93;932
9320;;;;;7210;"M";7;72;721
9320;;;;;7220;"M";7;72;722
9331;;;;;2660;"C";2;26;266
9331;;;;;3250;"C";3;32;325
9331;;;;;3290;"C";3;32;329
9331;;;;;3313;"C";3;33;331
9331;;;;;3319;"C";3;33;331
9331;;;;;3320;"C";3;33;332
9331;;;;;8610;"Q";8;86;861
9331;;;;;8620;"Q";8;86;862
9331;;;;;8690;"Q";8;86;869
9331;;;;;8710;"Q";8;87;871
9331;;;;;8720;"Q";8;87;872
9331;;;;;8730;"Q";8;87;873
9332;;;;;161;"A";0;1;16
9332;;;;;162;"A";0;1;16
9332;;;;;163;"A";0;1;16
9332;;;;;164;"A";0;1;16
9332;;;;;7500;"M";7;75;750
9332;;;;;8130;"N";8;81;813
9332;;;;;8541;"P";8;85;854
9332;;;;;9609;"S";9;96;960
9340;;;;;5610;"I";5;56;561
9340;;;;;5621;"I";5;56;562
9340;;;;;5629;"I";5;56;562
9340;;;;;5630;"I";5;56;563
9340;;;;;8550;"P";8;85;855
9340;;;;;8720;"Q";8;87;872
9340;;;;;8730;"Q";8;87;873
9340;;;;;8790;"Q";8;87;879
9340;;;;;8810;"Q";8;88;881
9340;;;;;8890;"Q";8;88;889
9350;;;;;9411;"S";9;94;941
9350;;;;;9412;"S";9;94;941
9350;;;;;9420;"S";9;94;942
9391;;;;;9491;"S";9;94;949
9399;;;;;9492;"S";9;94;949
9399;;;;;9499;"S";9;94;949
9411;;;;;1820;"C";1;18;182
9411;;;;;5911;"J";5;59;591
9411;;;;;5912;"J";5;59;591
9411;;;;;5913;"J";5;59;591
9411;;;;;5920;"J";5;59;592
9411;;;;;7810;"N";7;78;781
9411;;;;;9200;"R";9;92;920
9411;;;;;9329;"R";9;93;932
9412;;;;;5911;"J";5;59;591
9412;;;;;5912;"J";5;59;591
9412;;;;;5913;"J";5;59;591
9412;;;;;5914;"J";5;59;591
9412;;;;;5920;"J";5;59;592
9412;;;;;7721;"N";7;77;772
9412;;;;;7722;"N";7;77;772
9412;;;;;7729;"N";7;77;772
9412;;;;;7730;"N";7;77;773
9413;;;;;5911;"J";5;59;591
9413;;;;;5920;"J";5;59;592
9413;;;;;6010;"J";6;60;601
9413;;;;;6020;"J";6;60;602
9413;;;;;6110;"J";6;61;611
9413;;;;;6120;"J";6;61;612
9413;;;;;6130;"J";6;61;613
9413;;;;;6190;"J";6;61;619
9414;;;;;5911;"J";5;59;591
9414;;;;;5912;"J";5;59;591
9414;;;;;5913;"J";5;59;591
9414;;;;;5920;"J";5;59;592
9414;;;;;6399;"J";6;63;639
9414;;;;;7310;"M";7;73;731
9414;;;;;7410;"M";7;74;741
9414;;;;;7490;"M";7;74;749
9414;;;;;7721;"N";7;77;772
9414;;;;;7722;"N";7;77;772
9414;;;;;7729;"N";7;77;772
9414;;;;;7730;"N";7;77;773
9414;;;;;7810;"N";7;78;781
9414;;;;;7990;"N";7;79;799
9414;;;;;8211;"N";8;82;821
9414;;;;;8219;"N";8;82;821
9414;;;;;8220;"N";8;82;822
9414;;;;;8230;"N";8;82;823
9414;;;;;8291;"N";8;82;829
9414;;;;;8299;"N";8;82;829
9414;;;;;8542;"P";8;85;854
9414;;;;;8550;"P";8;85;855
9414;;;;;9000;"R";9;90;900
9414;;;;;9200;"R";9;92;920
9414;;;;;9321;"R";9;93;932
9414;;;;;9329;"R";9;93;932
9415;;;;;7990;"N";7;79;799
9415;;;;;9000;"R";9;90;900
9420;;;;;5912;"J";5;59;591
9420;;;;;9101;"R";9;91;910
9420;;;;;9102;"R";9;91;910
9420;;;;;9103;"R";9;91;910
9490;;;;;161;"A";0;1;16
9490;;;;;162;"A";0;1;16
9490;;;;;163;"A";0;1;16
9490;;;;;164;"A";0;1;16
9490;;;;;4922;"H";4;49;492
9490;;;;;7710;"N";7;77;771
9490;;;;;7721;"N";7;77;772
9490;;;;;7722;"N";7;77;772
9490;;;;;7729;"N";7;77;772
9490;;;;;7730;"N";7;77;773
9490;;;;;7810;"N";7;78;781
9490;;;;;7990;"N";7;79;799
9490;;;;;8130;"N";8;81;813
9490;;;;;8541;"P";8;85;854
9490;;;;;8542;"P";8;85;854
9490;;;;;8549;"P";8;85;854
9490;;;;;9000;"R";9;90;900
9490;;;;;9200;"R";9;92;920
9490;;;;;9311;"R";9;93;931
9490;;;;;9312;"R";9;93;931
9490;;;;;9319;"R";9;93;931
9490;;;;;9321;"R";9;93;932
9490;;;;;9329;"R";9;93;932
9490;;;;;9609;"S";9;96;960
9511;;;;;3313;"C";3;33;331
9511;;;;;8020;"N";8;80;802
9511;;;;;9512;"S";9;95;951
9511;;;;;9521;"S";9;95;952
9511;;;;;9522;"S";9;95;952
9511;;;;;9523;"S";9;95;952
9511;;;;;9524;"S";9;95;952
9511;;;;;9529;"S";9;95;952
9512;;;;;3313;"C";3;33;331
9512;;;;;4321;"F";4;43;432
9512;;;;;4322;"F";4;43;432
9512;;;;;4329;"F";4;43;432
9512;;;;;4330;"F";4;43;433
9512;;;;;4390;"F";4;43;439
9512;;;;;8020;"N";8;80;802
9512;;;;;9512;"S";9;95;951
9512;;;;;9521;"S";9;95;952
9512;;;;;9522;"S";9;95;952
9512;;;;;9523;"S";9;95;952
9512;;;;;9524;"S";9;95;952
9512;;;;;9529;"S";9;95;952
9513;;;;;4520;"G";4;45;452
9513;;;;;4540;"G";4;45;454
9513;;;;;5221;"H";5;52;522
9514;;;;;3313;"C";3;33;331
9514;;;;;8020;"N";8;80;802
9514;;;;;9512;"S";9;95;951
9514;;;;;9521;"S";9;95;952
9514;;;;;9522;"S";9;95;952
9514;;;;;9523;"S";9;95;952
9514;;;;;9524;"S";9;95;952
9514;;;;;9529;"S";9;95;952
9519;;;;;3312;"C";3;33;331
9519;;;;;3313;"C";3;33;331
9519;;;;;4540;"G";4;45;454
9519;;;;;8020;"N";8;80;802
9519;;;;;9511;"S";9;95;951
9519;;;;;9512;"S";9;95;951
9519;;;;;9521;"S";9;95;952
9519;;;;;9522;"S";9;95;952
9519;;;;;9523;"S";9;95;952
9519;;;;;9524;"S";9;95;952
9519;;;;;9529;"S";9;95;952
9520;;;;;3313;"C";3;33;331
9520;;;;;8020;"N";8;80;802
9520;;;;;9512;"S";9;95;951
9520;;;;;9521;"S";9;95;952
9520;;;;;9522;"S";9;95;952
9520;;;;;9523;"S";9;95;952
9520;;;;;9524;"S";9;95;952
9520;;;;;9529;"S";9;95;952
9520;;;;;9601;"S";9;96;960
9530;;;;;9700;"T";9;97;970
9591;;;;;8522;"P";8;85;852
9591;;;;;8542;"P";8;85;854
9591;;;;;8549;"P";8;85;854
9591;;;;;9602;"S";9;96;960
9592;;;;;7420;"M";7;74;742
9599;;;;;7911;"N";7;79;791
9599;;;;;7912;"N";7;79;791
9599;;;;;7990;"N";7;79;799
9599;;;;;8121;"N";8;81;812
9599;;;;;8129;"N";8;81;812
9599;;;;;8541;"P";8;85;854
9599;;;;;9603;"S";9;96;960
9599;;;;;9609;"S";9;96;960
9600;;;;;9900;"U";9;99;990
;;;;;9810;"T";9;98;981
;;;;;9820;"T";9;98;982
