isic_rev31_4dig;isic_rev3_4dig;isic_rev3_secdig;isic_rev3_1dig;isic_rev3_2dig;isic_rev3_3dig;isic_rev31_secdig;isic_rev31_1dig;isic_rev31_2dig;isic_rev31_3dig
111;111;"A";0;1;11;"A";0;1;11
112;112;"A";0;1;11;"A";0;1;11
113;112;"A";0;1;11;"A";0;1;11
113;113;"A";0;1;11;"A";0;1;11
121;121;"A";0;1;12;"A";0;1;12
122;122;"A";0;1;12;"A";0;1;12
130;130;"A";0;1;13;"A";0;1;13
140;140;"A";0;1;14;"A";0;1;14
9309;140;"A";0;1;14;"O";9;93;930
150;150;"A";0;1;15;"A";0;1;15
113;200;"A";0;2;20;"A";0;1;11
200;200;"A";0;2;20;"A";0;2;20
501;500;"B";0;5;50;"B";0;5;50
502;500;"B";0;5;50;"B";0;5;50
1010;1010;"C";1;10;101;"C";1;10;101
1020;1020;"C";1;10;102;"C";1;10;102
1030;1030;"C";1;10;103;"C";1;10;103
1110;1110;"C";1;11;111;"C";1;11;111
1120;1120;"C";1;11;112;"C";1;11;112
1200;1200;"C";1;12;120;"C";1;12;120
1310;1310;"C";1;13;131;"C";1;13;131
1320;1320;"C";1;13;132;"C";1;13;132
1410;1410;"C";1;14;141;"C";1;14;141
1421;1421;"C";1;14;142;"C";1;14;142
1422;1422;"C";1;14;142;"C";1;14;142
1429;1429;"C";1;14;142;"C";1;14;142
1511;1511;"D";1;15;151;"D";1;15;151
1512;1512;"D";1;15;151;"D";1;15;151
1513;1513;"D";1;15;151;"D";1;15;151
1514;1514;"D";1;15;151;"D";1;15;151
1520;1520;"D";1;15;152;"D";1;15;152
1531;1531;"D";1;15;153;"D";1;15;153
1532;1532;"D";1;15;153;"D";1;15;153
1533;1533;"D";1;15;153;"D";1;15;153
1541;1541;"D";1;15;154;"D";1;15;154
1542;1542;"D";1;15;154;"D";1;15;154
1543;1543;"D";1;15;154;"D";1;15;154
1544;1544;"D";1;15;154;"D";1;15;154
1513;1549;"D";1;15;154;"D";1;15;151
1549;1549;"D";1;15;154;"D";1;15;154
1551;1551;"D";1;15;155;"D";1;15;155
1552;1552;"D";1;15;155;"D";1;15;155
1553;1553;"D";1;15;155;"D";1;15;155
1554;1554;"D";1;15;155;"D";1;15;155
1600;1600;"D";1;16;160;"D";1;16;160
1711;1711;"D";1;17;171;"D";1;17;171
1712;1712;"D";1;17;171;"D";1;17;171
5260;1712;"D";1;17;171;"G";5;52;526
1721;1721;"D";1;17;172;"D";1;17;172
1722;1722;"D";1;17;172;"D";1;17;172
1723;1723;"D";1;17;172;"D";1;17;172
1729;1729;"D";1;17;172;"D";1;17;172
1730;1730;"D";1;17;173;"D";1;17;173
1810;1810;"D";1;18;181;"D";1;18;181
1820;1820;"D";1;18;182;"D";1;18;182
1911;1911;"D";1;19;191;"D";1;19;191
1912;1912;"D";1;19;191;"D";1;19;191
1920;1920;"D";1;19;192;"D";1;19;192
2010;2010;"D";2;20;201;"D";2;20;201
2021;2021;"D";2;20;202;"D";2;20;202
2022;2022;"D";2;20;202;"D";2;20;202
2023;2023;"D";2;20;202;"D";2;20;202
2029;2029;"D";2;20;202;"D";2;20;202
2101;2101;"D";2;21;210;"D";2;21;210
2102;2102;"D";2;21;210;"D";2;21;210
2109;2109;"D";2;21;210;"D";2;21;210
2211;2211;"D";2;22;221;"D";2;22;221
2213;2211;"D";2;22;221;"D";2;22;221
2212;2212;"D";2;22;221;"D";2;22;221
2213;2213;"D";2;22;221;"D";2;22;221
2219;2219;"D";2;22;221;"D";2;22;221
2221;2221;"D";2;22;222;"D";2;22;222
2222;2222;"D";2;22;222;"D";2;22;222
2230;2230;"D";2;22;223;"D";2;22;223
2310;2310;"D";2;23;231;"D";2;23;231
2320;2320;"D";2;23;232;"D";2;23;232
2330;2330;"D";2;23;233;"D";2;23;233
2411;2411;"D";2;24;241;"D";2;24;241
2412;2412;"D";2;24;241;"D";2;24;241
2413;2413;"D";2;24;241;"D";2;24;241
2421;2421;"D";2;24;242;"D";2;24;242
2422;2422;"D";2;24;242;"D";2;24;242
2423;2423;"D";2;24;242;"D";2;24;242
2424;2424;"D";2;24;242;"D";2;24;242
2429;2429;"D";2;24;242;"D";2;24;242
2430;2430;"D";2;24;243;"D";2;24;243
2511;2511;"D";2;25;251;"D";2;25;251
2519;2519;"D";2;25;251;"D";2;25;251
2520;2520;"D";2;25;252;"D";2;25;252
2610;2610;"D";2;26;261;"D";2;26;261
2691;2691;"D";2;26;269;"D";2;26;269
2692;2692;"D";2;26;269;"D";2;26;269
2693;2693;"D";2;26;269;"D";2;26;269
2694;2694;"D";2;26;269;"D";2;26;269
2695;2695;"D";2;26;269;"D";2;26;269
2696;2696;"D";2;26;269;"D";2;26;269
2699;2699;"D";2;26;269;"D";2;26;269
2710;2710;"D";2;27;271;"D";2;27;271
2720;2720;"D";2;27;272;"D";2;27;272
2731;2731;"D";2;27;273;"D";2;27;273
2732;2732;"D";2;27;273;"D";2;27;273
2811;2811;"D";2;28;281;"D";2;28;281
2812;2812;"D";2;28;281;"D";2;28;281
2813;2813;"D";2;28;281;"D";2;28;281
2891;2891;"D";2;28;289;"D";2;28;289
2892;2892;"D";2;28;289;"D";2;28;289
5260;2892;"D";2;28;289;"G";5;52;526
2893;2893;"D";2;28;289;"D";2;28;289
2899;2899;"D";2;28;289;"D";2;28;289
2911;2911;"D";2;29;291;"D";2;29;291
2912;2912;"D";2;29;291;"D";2;29;291
2913;2913;"D";2;29;291;"D";2;29;291
2914;2914;"D";2;29;291;"D";2;29;291
2915;2915;"D";2;29;291;"D";2;29;291
2919;2919;"D";2;29;291;"D";2;29;291
2921;2921;"D";2;29;292;"D";2;29;292
2922;2922;"D";2;29;292;"D";2;29;292
2923;2923;"D";2;29;292;"D";2;29;292
2924;2924;"D";2;29;292;"D";2;29;292
2925;2925;"D";2;29;292;"D";2;29;292
2926;2926;"D";2;29;292;"D";2;29;292
2927;2927;"D";2;29;292;"D";2;29;292
2926;2929;"D";2;29;292;"D";2;29;292
2929;2929;"D";2;29;292;"D";2;29;292
2930;2930;"D";2;29;293;"D";2;29;293
3000;3000;"D";3;30;300;"D";3;30;300
3110;3110;"D";3;31;311;"D";3;31;311
3120;3120;"D";3;31;312;"D";3;31;312
3130;3130;"D";3;31;313;"D";3;31;313
3140;3140;"D";3;31;314;"D";3;31;314
3150;3150;"D";3;31;315;"D";3;31;315
3190;3190;"D";3;31;319;"D";3;31;319
3210;3210;"D";3;32;321;"D";3;32;321
3220;3220;"D";3;32;322;"D";3;32;322
3230;3230;"D";3;32;323;"D";3;32;323
3311;3311;"D";3;33;331;"D";3;33;331
3312;3312;"D";3;33;331;"D";3;33;331
3313;3313;"D";3;33;331;"D";3;33;331
3320;3320;"D";3;33;332;"D";3;33;332
3330;3330;"D";3;33;333;"D";3;33;333
3410;3410;"D";3;34;341;"D";3;34;341
3420;3420;"D";3;34;342;"D";3;34;342
3430;3430;"D";3;34;343;"D";3;34;343
3511;3511;"D";3;35;351;"D";3;35;351
3512;3512;"D";3;35;351;"D";3;35;351
3520;3520;"D";3;35;352;"D";3;35;352
3530;3530;"D";3;35;353;"D";3;35;353
3591;3591;"D";3;35;359;"D";3;35;359
3592;3592;"D";3;35;359;"D";3;35;359
3599;3599;"D";3;35;359;"D";3;35;359
3610;3610;"D";3;36;361;"D";3;36;361
3691;3691;"D";3;36;369;"D";3;36;369
3692;3692;"D";3;36;369;"D";3;36;369
3693;3693;"D";3;36;369;"D";3;36;369
3694;3694;"D";3;36;369;"D";3;36;369
3699;3699;"D";3;36;369;"D";3;36;369
3710;3710;"D";3;37;371;"D";3;37;371
3720;3720;"D";3;37;372;"D";3;37;372
4010;4010;"E";4;40;401;"E";4;40;401
4020;4020;"E";4;40;402;"E";4;40;402
4030;4030;"E";4;40;403;"E";4;40;403
4100;4100;"E";4;41;410;"E";4;41;410
4510;4510;"F";4;45;451;"F";4;45;451
4520;4520;"F";4;45;452;"F";4;45;452
4530;4530;"F";4;45;453;"F";4;45;453
4540;4540;"F";4;45;454;"F";4;45;454
4550;4550;"F";4;45;455;"F";4;45;455
5010;5010;"G";5;50;501;"G";5;50;501
5020;5020;"G";5;50;502;"G";5;50;502
5030;5030;"G";5;50;503;"G";5;50;503
5040;5040;"G";5;50;504;"G";5;50;504
5050;5050;"G";5;50;505;"G";5;50;505
5110;5110;"G";5;51;511;"G";5;51;511
5121;5121;"G";5;51;512;"G";5;51;512
5122;5122;"G";5;51;512;"G";5;51;512
5131;5131;"G";5;51;513;"G";5;51;513
5139;5139;"G";5;51;513;"G";5;51;513
5141;5141;"G";5;51;514;"G";5;51;514
5142;5142;"G";5;51;514;"G";5;51;514
5143;5143;"G";5;51;514;"G";5;51;514
5149;5149;"G";5;51;514;"G";5;51;514
5151;5150;"G";5;51;515;"G";5;51;515
5152;5150;"G";5;51;515;"G";5;51;515
5159;5150;"G";5;51;515;"G";5;51;515
5190;5190;"G";5;51;519;"G";5;51;519
5211;5211;"G";5;52;521;"G";5;52;521
5219;5219;"G";5;52;521;"G";5;52;521
5220;5220;"G";5;52;522;"G";5;52;522
5231;5231;"G";5;52;523;"G";5;52;523
5232;5232;"G";5;52;523;"G";5;52;523
5233;5233;"G";5;52;523;"G";5;52;523
5234;5234;"G";5;52;523;"G";5;52;523
5239;5239;"G";5;52;523;"G";5;52;523
5240;5240;"G";5;52;524;"G";5;52;524
6592;5240;"G";5;52;524;"J";6;65;659
5251;5251;"G";5;52;525;"G";5;52;525
5252;5252;"G";5;52;525;"G";5;52;525
5259;5259;"G";5;52;525;"G";5;52;525
5260;5260;"G";5;52;526;"G";5;52;526
5510;5510;"H";5;55;551;"H";5;55;551
5520;5520;"H";5;55;552;"H";5;55;552
6010;6010;"I";6;60;601;"I";6;60;601
6021;6021;"I";6;60;602;"I";6;60;602
6022;6022;"I";6;60;602;"I";6;60;602
6023;6023;"I";6;60;602;"I";6;60;602
6030;6030;"I";6;60;603;"I";6;60;603
6110;6110;"I";6;61;611;"I";6;61;611
6120;6120;"I";6;61;612;"I";6;61;612
6210;6210;"I";6;62;621;"I";6;62;621
6220;6220;"I";6;62;622;"I";6;62;622
6301;6301;"I";6;63;630;"I";6;63;630
6302;6302;"I";6;63;630;"I";6;63;630
6303;6303;"I";6;63;630;"I";6;63;630
6304;6304;"I";6;63;630;"I";6;63;630
6309;6309;"I";6;63;630;"I";6;63;630
6411;6411;"I";6;64;641;"I";6;64;641
6412;6412;"I";6;64;641;"I";6;64;641
6420;6420;"I";6;64;642;"I";6;64;642
6511;6511;"J";6;65;651;"J";6;65;651
6519;6519;"J";6;65;651;"J";6;65;651
6591;6591;"J";6;65;659;"J";6;65;659
6592;6592;"J";6;65;659;"J";6;65;659
6599;6599;"J";6;65;659;"J";6;65;659
6601;6601;"J";6;66;660;"J";6;66;660
6602;6602;"J";6;66;660;"J";6;66;660
6603;6603;"J";6;66;660;"J";6;66;660
6711;6711;"J";6;67;671;"J";6;67;671
6712;6712;"J";6;67;671;"J";6;67;671
6719;6719;"J";6;67;671;"J";6;67;671
6720;6720;"J";6;67;672;"J";6;67;672
7010;7010;"K";7;70;701;"K";7;70;701
7020;7020;"K";7;70;702;"K";7;70;702
7111;7111;"K";7;71;711;"K";7;71;711
7112;7112;"K";7;71;711;"K";7;71;711
7113;7113;"K";7;71;711;"K";7;71;711
7121;7121;"K";7;71;712;"K";7;71;712
7122;7122;"K";7;71;712;"K";7;71;712
7123;7123;"K";7;71;712;"K";7;71;712
7129;7129;"K";7;71;712;"K";7;71;712
7130;7130;"K";7;71;713;"K";7;71;713
7210;7210;"K";7;72;721;"K";7;72;721
7221;7220;"K";7;72;722;"K";7;72;722
7229;7220;"K";7;72;722;"K";7;72;722
7230;7230;"K";7;72;723;"K";7;72;723
7240;7240;"K";7;72;724;"K";7;72;724
7250;7250;"K";7;72;725;"K";7;72;725
7290;7290;"K";7;72;729;"K";7;72;729
7310;7310;"K";7;73;731;"K";7;73;731
7320;7320;"K";7;73;732;"K";7;73;732
7411;7411;"K";7;74;741;"K";7;74;741
7412;7412;"K";7;74;741;"K";7;74;741
7413;7413;"K";7;74;741;"K";7;74;741
7414;7414;"K";7;74;741;"K";7;74;741
7421;7421;"K";7;74;742;"K";7;74;742
7422;7422;"K";7;74;742;"K";7;74;742
7430;7430;"K";7;74;743;"K";7;74;743
7491;7491;"K";7;74;749;"K";7;74;749
7492;7492;"K";7;74;749;"K";7;74;749
7493;7493;"K";7;74;749;"K";7;74;749
7494;7494;"K";7;74;749;"K";7;74;749
9309;7494;"K";7;74;749;"O";9;93;930
7495;7495;"K";7;74;749;"K";7;74;749
7494;7499;"K";7;74;749;"K";7;74;749
7499;7499;"K";7;74;749;"K";7;74;749
7511;7511;"L";7;75;751;"L";7;75;751
7512;7512;"L";7;75;751;"L";7;75;751
7513;7513;"L";7;75;751;"L";7;75;751
7514;7514;"L";7;75;751;"L";7;75;751
7521;7521;"L";7;75;752;"L";7;75;752
7522;7522;"L";7;75;752;"L";7;75;752
7523;7523;"L";7;75;752;"L";7;75;752
7530;7530;"L";7;75;753;"L";7;75;753
8010;8010;"M";8;80;801;"M";8;80;801
8021;8021;"M";8;80;802;"M";8;80;802
8022;8022;"M";8;80;802;"M";8;80;802
8030;8030;"M";8;80;803;"M";8;80;803
8010;8090;"M";8;80;809;"M";8;80;801
8021;8090;"M";8;80;809;"M";8;80;802
8022;8090;"M";8;80;809;"M";8;80;802
8090;8090;"M";8;80;809;"M";8;80;809
8511;8511;"N";8;85;851;"N";8;85;851
8512;8512;"N";8;85;851;"N";8;85;851
8519;8519;"N";8;85;851;"N";8;85;851
8520;8520;"N";8;85;852;"N";8;85;852
8531;8531;"N";8;85;853;"N";8;85;853
5520;8532;"N";8;85;853;"H";5;55;552
8532;8532;"N";8;85;853;"N";8;85;853
9000;9000;"O";9;90;900;"O";9;90;900
9111;9111;"O";9;91;911;"O";9;91;911
9112;9112;"O";9;91;911;"O";9;91;911
9120;9120;"O";9;91;912;"O";9;91;912
9191;9191;"O";9;91;919;"O";9;91;919
9192;9192;"O";9;91;919;"O";9;91;919
9199;9199;"O";9;91;919;"O";9;91;919
9211;9211;"O";9;92;921;"O";9;92;921
9212;9212;"O";9;92;921;"O";9;92;921
9213;9213;"O";9;92;921;"O";9;92;921
9214;9214;"O";9;92;921;"O";9;92;921
9219;9219;"O";9;92;921;"O";9;92;921
9220;9220;"O";9;92;922;"O";9;92;922
9231;9231;"O";9;92;923;"O";9;92;923
9232;9232;"O";9;92;923;"O";9;92;923
9233;9233;"O";9;92;923;"O";9;92;923
9241;9241;"O";9;92;924;"O";9;92;924
9211;9249;"O";9;92;924;"O";9;92;921
9241;9249;"O";9;92;924;"O";9;92;924
9249;9249;"O";9;92;924;"O";9;92;924
9301;9301;"O";9;93;930;"O";9;93;930
9302;9302;"O";9;93;930;"O";9;93;930
9303;9303;"O";9;93;930;"O";9;93;930
6420;9309;"O";9;93;930;"I";6;64;642
9309;9309;"O";9;93;930;"O";9;93;930
9500;9500;"P";9;95;950;"P";9;95;950
9900;9900;"Q";9;99;990;"Q";9;99;990
9600;;;;;;"P";9;96;960
9700;;;;;;"P";9;97;970
